54 56 58 62 71 74 77 80 90
56 59 62 65 73 76 79
52 53 55 58 72
70
53 56 58 68

52 53 54 56 60 63 75 77
53 54 57 58 59
92
60 81 90 94
66 69 76 94
63 90
63 69 71
63 76
81
53 59 60 61 62 63 64 71 72


54 55 63 67 75 80
74 84 94
52
54 57 61
54


53 64 66 70 74 78



73
92
83 91
61 81 85
52 53 54 55 57 60
52 53 65 74


88

52
53 55 57 58 61 63 66
63 74
62 77 87 93
52 56 59 60 63 64 82

58 59 63 94
52 53 57 59 63 65 70
52 53 55 57 59 60 74 77 82
53 57 59 64 66 71 73

60 90
63
74 88 90 93
99
79 88 99
73 79
53 56 57 58 63
52 61 62 67 69 70 74
52 54 55 64 66
56 59 61 67
52 53 59 63 65
55 63 72 74 76 77 81 83
53 55 58 64 69 70 71 84 90 91
66 70 80 90
52 67 83 93 96
64 77
52 54 55 57 62 63 69 94
52 53 55 57 61 66
55 56 57 64 65 84 87 92
54 55
56 70 81 82
52 58 62 64 66 67 78 80
54 63 90

55 57 58 72 76 78 82 83 89 93
58 61 68 71 73 74 79 82
52 58 59 60 70
53 54 55 62 71
53
52 55 89 98
70
96
56 58 65 67 69 74 76
59 62 79
54 55 57 58 59
67 91
52 56 58 61 62 63 66
63 65 74
52 57 58 60
64 76
52 54 59 60 61 63 65 66 79 87
73
59 62
53 54 55 59 89
65
52 63 66
53 54 55
54 55 73
96
52
