162 168
110 118 131 188 195
159
104 111 112 126 164 173 198
105 106 107 108 109 112 120 123 128 130 131 135 137 142 160 170

104 111 125 126 143 180
102 104 111 114 123 132 133 142 161 162 172 194 195
102 103 104 105 122 135 138 139 144 152 156 158 167 177 190 196
127
104 108 114 116 128 133 141 142 147 170 180
112 113 116 118 126 130 138 141 143 149 150 154 158 162 164 166 169 170 177 179 195
125 169 174
103 109 110 118 120 121 122 126 129 141 145 152 163 169 196
103 104 106 107 108 113 116 119 121 144
132 146 149 158

102 103 105 106 111 114 115 121 122 123 126 128 132 134 135 140 142 155 169 186 196
107 114 117 118 125 127 150 161 164 168 173 178
102 103 104 125
103 104 105 109 113 119 142 151 154 160 168 186
110 112 114 115 116 120 128 132 149 160 184 185 192
106 156 157 170 180 190 192
104 108 117 120 125 128 131 138 139 153 156 169 179 187 190 195

103 105 106 107 115 119 120 129 132 133 137 141 148 149 151 154 158 161 176 182 188 192
107 115 119 157 167
102 108 111 117 135 155 168 193
154
102 103 110 115 117 124 125 126 159 167 176 184 189 192
165 176 181
135
103 104 125 139 141 146 163 164 179 181 182 191 197
102 104 105 106 110 111 112 113 115 116 117 118 119 120 123 126 128 130 131 143 154 157 168 172
117 118 121 129 155
128 140 142 148 153 179 184 192
104 122 138 146 159 188 193 197
102 105 120 123 126 134 144 169 172 173 181 196
116 130 135 147 159 176 188 199
102 103 104 107 118
128 136 162
102 105 106 108 114 115 119 121 124 126 128 135 140 156 166 172 177
174
157 186
102 103
105 126 136 154 173
105 108 111 137 141 144 162 166 178 179 185 193 195
103 111 122 126 149 156 161 177 189
102 103 104 107 108 110 122 129 184 186 193 197
119 127 167 169
186 188 189
122 137 140 141 169 185 189
137 141 172 178 181
103 108 118 120 122 124 125 127 128 129 133 135 145 149
106 109 115 116 117 119 120 123 128 138 144 147 159 162 171
103 115 116 118 121 127 128 132 133 134 139 140 143 155 180
102 103 106 107 111 112
113 122 129 155 185
102 108
119 128 150 162 176
102 106 110 112 113 117 118 120 122 123 125 132 135 149 153 154 177 178 196
102 106 107 116 126 132 143 146 147 149 151 157 160 162 172 174 177 183 188 189 194
105 108 111 122 131 165 172
114 121 132 134 145 172 178
102 103 104 105 106 109 115 116 117 127 128 143 157 168 183
131 134 139 140 164
104 135 137 150 159 178 183 184
105 107 110 112 114 115 122 123 126 134 144 151 156 161 163 169 171 172 190
103 104 105 106 107 108 120 121 136
102 104 106 110 112 118 122 124 128 137 138 140 144 149 150 155 170
103 109 131 149 152 165 168 186
102 103 104 105 107 108 116 118 120 122 124 126 128 144 157 176
103 105 110 127 128 129 130 136 145 149 153 156 159 160 177
108 122 172 192
104 119 120 176
102 117
117 123 154 156
102 103 105 106 107 111 128 133 146 148 158 178 195 198
104 114 141 159 165 192 195
103 106 108 114 119 135 142 159 190 194
102 103 104 113 117 119 130 141 142 177
135 154 179 197
115 116 121 125 129 143 155 159
105 129 173
103 104 106 107 109 110 113 116 119 122 131 132 135 154 171 193
130 136
156 163 165 172
144 170 187
102 103 104 105 108 110 123 133 135 143
108 114 115 124 126 157 163 168 176
148 157 159 190
103 104 112 113 115 135 143 154 181
104 105 108 109 110 111 114 116 120 121 153 156
108 134 146 185 191
104 110 116 121 123 124 126 129 136 142 146 153 187
107 137 155 166 167 197
158
104 117 123 129 133 140 144 175 178 192
110 117 129 131 136 140 141 147 149 158 160 162 172 174 175 176 180 184
110 113 116 137 139 180 188 196 199
