350 352 392 399 439 446 499 500 533 571 594
302 305 306 311 313 325 333 343 345 347 351 353 355 357 360 370 374 377 380 382 383 385 388 390 391 392 395 397 406 410 418 422 426 427 433 444 447 454 466 474 477 488 491 492 503 505 514 516 540 547 561 566 571 575 578 583
302 303 305 306 307 309 310 313 314 315 316 318 320 324 325 326 327 329 337 338 341 342 343 344 349 353 357 367 369 370 375 377 380 383 389 400 408 410 424 433 436 439 443 468 480 541 549
327 365 413 417 439 454 459 489 502 510 526 530 572 575 580
302 313 317 319 321 322 323 326 329 333 334 335 338 343 354 356 358 359 360 364 365 367 370 372 374 381 393 398 401 405 411 415 416 417 422 424 430 433 445 446 461 467 469 481 485 507 513 517 520 530 553
302 303 304 305 306 315 332 341 342 351 365 372 379 393 403 405 412 419 460 461 471 484 485 497 501 525 542 549 570 589
322 386 422 425 426 428 440 454 519 545 552 555
311 314 315 332 337 351 358 362 381 388 438 453 475 526 568 595
382 430 432 473 475 479 487 502 528 577 579 588
303 307 308 311 314 316 320 321 323 324 325 327 328 332 333 335 336 340 342 344 345 348 350 352 355 363 366 368 370 374 377 378 379 380 385 387 390 391 397 400 408 410 411 412 415 416 417 432 435 442 443 449 452 461 462 471
313 345 350 374 375 390 400 403 415 416 418 424 452 454 457 479 494 497 515 522 527 543 558 562 564 569
302 310 322 366 372 394 413 438 440 454 474 495 498 500 506 514 519 521 525 527 539 568
303 304 305 306 308 312 320 324 325 330 333 334 340 341 342 346 351 352 358 379 386 395 402 405 406 409 422 424 427 431 442 445 449 455 458 460 461 475 481 527 540 548 553 567 568 576 579 580
306 310 313 316 322 325 337 340 345 353 373 376 386 389 392 394 397 402 404 408 409 411 413 415 416 420 440 459 468 471 482 483 486 503 504 506 508 516 523 525 531 537 553 554 557 560 568 588 591
302 304 305 306 308 309 310 311 313 314 316 317 320 323 324 326 329 337 339 341 342 343 345 348 349 350 351 352 355 356 358 359 361 362 368 372 377 381 390 391 397 405 408 415 418 423 424 440 445 451 471 477 485 498 503
309 315 334 337 344 345 349 359 364 373 374 399 415 440 445 502
302 303 306 307 308 311 312 313 315 316 318 320 321 325 326 327 328 330 333 338 344 345 348 353 354 358 360 371 376 377 384 390 400 407 409 412 418 425 428 430 432 443 445 454 463 468 469 477 509 515 517 520 522 534
305 307 308 312 318 321 323 326 327 328 330 333 336 340 342 345 351 363 366 375 377 378 380 381 385 387 389 403 406 408 422 443 464 469 484 488 505 535 563
304 316 321 332 339 370 378 384 387 392 404 411 417 419 429 431 438 442 450 455 462 463 485 490 492 495 519 532 536 571 573 586 588 591 596
312 341 355 399 469 477 479 485 508 511 518 520 546 548 556 568 579
320 325 332 335 381 390 391 411 412 433 446 505 511 550 575 594
311 324 333 337 338 340 401 414 417 424 458 503 509 512 532 538 562
306 309 311 316 319 321 324 325 327 334 352 373 382 464 469 471 485 513 530 533 559 566 583 599
315 335 337 354 376 378 388 420 436 441 456 459 511 534 541 548
305 306 314 315 317 328 330 332 335 344 361 366 379 383 402 405 406 413 423 427 452 462 481 482 495 511 515 520 533 536 544 557 559 569
302 305 308 313 314 316 317 319 321 323 324 330 331 332 333 335 338 345 347 356 362 373 374 377 379 382 385 386 389 394 395 397 402 404 411 420 429 436 443 458 460 466 478 481 503 509 512 516 518 521 529
320 324 357 372 375 379 402 404 425 447 474 506 514 531 532 536 540 564 566 579 583 596
316 317 318 320 323 324 326 368 406 418 423 438 444 455 463 483 486 510 522 523 537
302 303 309 311 313 323 325 329 330 338 368 376 390 392 415 422 423 444 457 484 486 510 563 567 573 577 586 589 591
303 336 340 350 357 404 408 471 538 595
302 303 304 306 311 315 319 359 368 369 399 404
303 306 307 308 309 312 314 316 317 318 319 324 330 331 332 336 338 340 341 342 348 349 350 352 353 354 359 374 388 392 393 427 439 445 480
305 309 312 317 327 340 348 351 366 369 373 375 385 387 393 397 406 410 419 434 439 442 446 461 470 472 487 488 500 549 554 556 564 581
319 334 336 343 354 366 377 412 441 462 492 495 497 541 542 587
345 348 362 368 371 383 384 391 393 404 415 435 463 491 495 507 509 519 540 553 574 584
304 347 349 351 362 367 378 382 462 538 554 575
303 304 305 306 310 320 327 336 338 341 349 355 359 363 367 369 371 372 388 389 403 426 443 466 469 474 478 496 521 535 537 539 549 556 558 574 577 589 591 595
302 303 305 309 312 313 315 317 318 319 322 323 324 326 327 328 329 330 333 335 346 349 350 352 354 355 359 360 361 362 366 369 372 376 379 387 400 405 414 417 418 422 426 431 433 435 437 456 465 483 484 523 530 556
302 303 305 306 307 308 310 311 312 314 320 323 326 331 332 333 338 344 346 347 349 352 354 355 356 358 359 360 363 370 376 378 380 383 385 393 399 407 425 428 457 459 461 468 492 494 505 507 517 538 555 569
303 306 311 313 335 346 355 365 366 379 389 400 401 413 424 443 444 456 458 463 476 479 481 484 491 499 502 510 518 545 561 566 567 576 581 584 586
325 340 403 423 429 430 439 446 448 465 477 486 510 531 568
302 335 347 351 377 386 389 392 397 411 429 456 462 465 470 478 499 502 503 506 511 538 546 548 552 553 557 568 571
305 321 337 345 351 364 367 368 369 370 371 412 444 454 459 486 497 498 578 595
302 306 307 309 310 311 313 315 318 320 322 324 327 332 338 339 351 352 361 363 365 368 382 385 390 392 396 397 403 421 428 430 431 439 440 442 445 446 455 457 459 460 478 479 483 485 502 506 517 520 524 526 527 528 530 533 535 542 544 545 548 557 575 583 593 596
302 308 311 323 329 331 336 342 343 345 346 354 359 363 379 380 385 409 414 416 422 439 461 467 472 482 493 514 517 526 529 533 542 543 564 565 575 578 585 598
313 315 360 366 378 389 407 410 422 445 459 516 519 553 577
302 304 305 306 307 308 309 312 315 316 318 324 325 327 328 332 338 340 344 346 350 355 361 367 382 383 404 412 422 424 445 446 457 463 471 476 517
304 310 321 333 351 360 424 443 461 485 529 535 551 562
337 460 506 514 538 572 591
304 306 309 338 348 376 378 382 392 394 397 407 433 447 451 455 460 461 473 481 489 497 518 554 559 572 583 596
302 303 304 305 306 311 313 316 322 332 345 349 385 400 442
309 328 332 346 351 359 416 423 471 473 482 486 495 536 540
306 311 319 321 328 344 351 370 371 391 392 394 433 450 461 471 475 477 493 502 517 541 554 568 571 572 582
302 304 307 309 311 316 321 325 329 332 335 337 341 344 346 350 351 353 355 357 358 363 365 366 368 369 374 375 382 384 391 399 401 402 403 415 416 427 434 437 438 441 446 454 455 460 464 467 472 481 485 515 516 526 545 550 557 562 566 571
302 303 306 307 308 309 310 313 315 318 320 322 324 325 329 334 335 336 339 340 342 344 347 348 354 364 369 370 371 374 381 384 385 388 390 393 400 403 404 405 413 415 418 420 427 435 448 461 496 538 540 551
302 303 304 308 309 312 313 321 322 327 331 338 365 367 469
303 304 310 311 313 316 317 321 325 328 332 335 339 341 347 348 357 373 375 377 378 381 385 386 390 394 403 417 429 436 441 446 463 467 476 484 485 500 503 520
309 314 316 363 370 371 379 386 405 407 420 447 462 478 489 493 499 519 572 582
303 306 324 335 343 352 354 360 361 368 377 382 383 385 388 391 412 440 458 470 474 498 502 509 510 514 519 530 532 552 554 561 564 570 584 588 595
314 327 335 341 351 392 436 450 469 478 510 528 571 572
344 352 357 360 373 409 447 448 455 491 582
302 303 304 306 309 320 323 325 331 345 348 374 380 406
309 315 317 323 363 368 405 414 417 425 437 444 466 471 523 528 538 551 569 588
423 435 505 509 525 582 588 599
302 305 307 309 317 321 333 418 472 531 537 572
320 357 374 418 472 476 481 484 496 501 506 537 568 581 582 586 598
303 315 363 367 402 424 442 446 481 482 486 502 504 520 522 523 539 545 562 565 583 584 589
332 340 374 391 416 418 493 565 569
337 338 396 415 419 444 475 501 542 562 590 596
317 347 348 385 399 411 483 484 488 500 516 521 541 577
304 310 320 325 334 340 341 343 345 353 355 356 370 372 380 386 397 399 414 428 434 435 439 440 447 459 476 479 481 487 542 554 562 564 568 569 570 574
339 366 370 381 415 426 432 456 464 466 495 498 499 507 530 556 560 577 594
379 390 393 427 429 447 466 471 494 499 517 526 529 546 565 579 590
302 304 305 306 310 311 312 313 314 317 319 323 330 333 334 335 336 338 339 342 351 356 359 362 365 367 373 379 384 385 387 390 397 399 401 403 406 421 425 484
311 316 317 328 346 390 416 495 580
302 315 341 347 359 364 370 380 407 408 410 421 433 458 473 524 572 573 592 598
323 351 356 370 421 428 441 463 510 515 551 588
303 304 306 313 324 346 349 353 369 370 377 395 447 451 479 569 578
307 323 363 365 368 406 427 448 472 481 494 496 499 501 551 579
302 309 316 318 323 327 339 354 362 386 388 389 392 421 424 434 437 443 447 448 464 482 483 485 489 491 495 498 508 532 569 571 573 578 580 581 582 589 593
358 371 381 389 394 398 401 418 424 446 467 501 584 586 595
305 336 350 354 361 371 372 378 409 440 448 452 494 499 520
304 316 329 336 341 344 347 353 358 362 371 377 395 422 449 457 466 498 523 543 545 553 554 578
303 310 311 321 324 326 329 332 334 335 339 340 341 345 348 356 358 360 361 362 363 367 373 378 383 387 388 389 391 392 394 401 405 406 420 423 433 434 442 448 451 469 470 473 475 476 480 491 505 536 539 549 578
302 304 306 310 311 313 314 317 319 320 321 322 324 325 326 328 329 331 336 338 339 340 342 343 346 348 360 362 365 376 378 379 382 394 400 401 405 438 442 461 475 494 501 503
306 311 315 316 317 321 323 324 326 330 332 338 342 343 344 347 354 363 364 367 369 375 388 389 393 397 406 419 426 432 445 447 454 455 469 470 478 484 489 499 540 543 546 560 580 590 593
309 315 364 382 402 415 421 449 458 459 486 488 493 515 523 545 554 565 571
302 303 305 307 322 323 327 328 335 347 349 359 363 364 373 381 434 440 444 451 454 459 472 481 485 489 504 512 518 521 524 527 539 540 556 561 591
360 367 384 407 412 428 433 458 501 519 568
307 314 317 320 321 322 323 329 335 341 345 347 351 360 361 368 371 372 374 378 382 384 387 394 395 398 402 406 408 416 422 430 467 473 474 480 485 486 491 498 513 522 539 544 550 569 575 593
304 306 321 326 342 358 360 361 364 375 385 416 422 428 431 456 481 485 491 495 530 532 554 573 584
311 326 327 338 339 343 351 352 366 371 390 395 416 434 469 490 493 500 505 519 520 558
302 304 305 307 310 311 312 313 314 317 318 319 325 327 328 331 339 340 344 347 349 354 355 357 359 361 365 373 379 382 383 387 390 398 421
324 334 341 366 392 403 404 423 426 446 449 452 456 478 492 585
302 304 315 333 338 346 400 413 427 442 457 474 504 514 532 549 587
314 318 320 322 329 330 347 366 386 425 448 455 460 496 506 516 550
302 305 306 308 322 332 335 340 343 348 349 352 353 359 362 371 376 377 381 386 390 398 401 417 424 434 435 437 443 444 458 461 462 472 481 496 501 505 506 509 511 517 530 533 546 548 551 576 579 582 585 586 599
302 303 304 307 309 311 313 314 317 318 320 322 324 326 327 330 333 336 337 343 345 346 348 349 350 351 352 355 356 359 366 367 369 371 374 376 377 386 395 396 400 404 415 417 429 443 480 503 504 510 511
336 350 377 408 412 451 454 459 522 561 571 599
303 304 318 319 330 336 338 339 342 348 372 407 412 413 431 445 460 501 508 516 531 549 565 569 579 585
