166 174
104 113 128 140
122 142 160 163 172 178 194
106 109 129 157 166 181
109 115 157 162 178
129 158 165
130 133 151 157 162 165 169 170
139 163
165 187 196

142 150 176
107
105 109 127 158 167 179 183
140 159 180
116 135 143 168 174
127 160
122 179
108 111 160 199
133 170
116 138 184 196
109 116 128 144 169 180 185
180
105 129 135 161 166 177
154
120 134 197
137 158
116 125 132 142 150 153 165 176
161 167 184
106 137 139
118 154 177
163 190
104 110 112 116 125 136 141 150 162 173 178
137
105 107 108 111 119 124 148 158 172
104 107 112 132 150 153 156 175
114 117 151 153
102 104 132 138 170
128 139 159
113
102 107 114 117 150
125 137 143 148 157 188 196
146 159 183
106 109 111 148 159 173 181 182
123 130 134 135 146 151 173
116 162 173 194
113
164 177

126 194 199
110 114 131 137 138 141 142 168 180 183
143 150 158 161 170 184 188 189
107 109 111 115 123 146 154 182 196 199
159 187
132 135 152 158 187 190 195
132 147 149
104 109
108 148 149 156 163
113 137 138 140 158 165 194
111 154

123 135 193
111 118 146 150
121 128 163
114 115 117 163
127 148 165 167 171 173 182 190
138 169 188
106 109 112 126 131 161
103 114 185
139

120 182
103 111 117 124 148 193 198
135
102 103 104 109 119 170 183 188
116 126 141 147 151 157 175
125 133 139
107 110 165 166
110 127 128 135 141 155 156 162 168 174 185 187
103 104
105 108 120 121 127 156 158
133 145 158 186
132 137
134 141 147 153 163
106 107 113 125 131 139 162 188
111
181 182
118 194 197
113 115 121 123 126 131 138 147 184 196 198
144

170
131 133 156 166 171 175
114 167 168
106 107 140 153 165 167 181
102 108 123 128 137 166
126 136 139 154 176
139 161 163 173 199
125 128 130 150 180
105 128 157 165 182
115 116 119 134 135 139 145 151 172
