499 533 571 594
302 305 306 311 313 325 333 343 345 347 351 353 355 357 360 370 374 377 380 382 385 388 390 391 392 397 406 410 418 422 426 454 466 491
302 303 305 306 309 310 313 314 316 320 325 326 327 337 338 341 342 343 344 349 353 357 375 383 400 424 433 436 439 468 480
327 365 413 439 454 459 489 572 575
302 313 317 319 321 322 323 326 329 333 334 335 338 343 354 356 358 359 360 364 365 367 393 398 401 405 411 416 417 422 424 430 445 446 461 507
303 304 305 306 315 332 341 342 351 365 372 393 403 405 419 460 471 485 497 501 542 549 570
322 386 422 425 426 454 519 545 552
311 314 332 337 351 362 438 568 595
382 432 475 479 502 577 579 588
303 307 308 311 314 316 320 321 323 324 325 327 328 332 333 335 336 340 342 344 345 348 350 352 355 363 366 368 370 378 379 380 385 391 400 410 411 412 416 432 435 452
313 345 350 374 375 390 400 403 415 416 418 424 452 457 494 497 515
302 310 322 366 372 394 413 454 474 495 498 500 506 514 519 521 527 539 568
303 304 305 306 308 320 324 325 330 333 334 340 341 342 346 352 358 386 395 402 405 406 409 422 427 442 449 458 460 481 527 548
306 310 313 316 322 325 337 340 345 353 373 376 386 389 394 397 402 404 408 409 411 413 415 420 468 471 482 483 506 508 531 537 553
302 304 305 306 308 309 310 311 313 314 316 317 320 324 326 329 337 341 342 343 345 348 350 352 355 356 361 362 372 377 390 391 408 423 424 445 451 471 477
309 315 334 337 344 345 349 359 364 373 440 445 502
302 303 306 307 308 311 312 313 315 316 318 320 321 325 326 327 328 330 333 338 344 345 348 353 354 358 371 376 377 390 407 409 412 418 428 430 432 454 468 469 477 515 517 520 522
305 307 312 318 321 323 326 327 328 330 333 336 340 342 345 351 363 366 375 378 380 381 403 422 443 464 469 484 488 505 535 563
304 316 321 332 339 370 378 384 387 392 404 411 417 419 429 431 438 450 455 462 463 485 490 492 495 532 536 573 586 588 596
312 399 469 477 479 485 520 546 548 568
325 332 335 381 390 391 411 412 433 446 505 575 594
311 324 333 340 414 417 424 458 503 509 512 532 538 562
311 316 319 324 334 471 530 533 559 583 599
315 335 337 376 378 441 459 534 541 548
306 314 315 330 335 344 361 366 379 383 402 405 413 423 452 462 482 515 533 536 544 559 569
302 305 308 313 314 316 317 319 321 323 324 330 331 332 333 335 338 345 347 356 362 373 374 377 379 386 389 394 395 397 404 411 420 429 443 460 466 478 503 509 512
324 372 379 402 474 532 564 583 596
316 317 320 324 326 418 438 444 455 483 486 522 537
302 303 309 311 313 323 325 329 330 368 390 392 415 422 423 457 484 510 563 567 577 589 591
303 340 350 357 538 595
302 303 304 311 359 368 369 399
303 306 307 308 309 312 314 316 317 318 319 324 330 331 332 336 338 340 341 342 349 350 352 353 354 388 392 445
305 309 312 317 327 340 348 351 366 369 373 375 385 387 393 397 406 410 419 434 442 446 461 470 472 487 488 500 549 556 581
336 343 366 412 497 541 587
368 384 393 404 435 495 519 540 553 574 584
304 349 378 382 462 575
303 304 305 306 310 320 336 338 341 349 355 363 367 369 371 389 426 443 466 469 474 496 539 549
302 303 305 309 312 313 315 317 318 319 322 323 324 326 327 328 329 335 349 355 359 360 361 362 366 369 372 379 387 400 405 414 418 426 431 435 437 465 484 523
302 303 305 306 307 308 310 311 312 314 320 323 326 331 332 333 338 346 347 349 352 354 355 356 358 360 363 370 376 378 380 383 393 407 457 459 461 494 507 555
303 306 311 313 335 346 355 365 366 379 389 400 401 413 443 444 458 463 476 479 481 484 491 502 518 561 567
439 446 448 465 477 510 531 568
302 335 347 351 377 386 389 392 397 411 462 465 478 499 502 506 511 538 546 548 552 553 557 571
305 351 364 368 369 370 412 454 497 498 578 595
302 306 307 309 310 311 313 315 318 320 322 324 327 332 338 351 352 363 365 368 382 385 390 392 396 397 403 421 428 430 439 442 446 455 457 460 479 485 520 526 527
302 308 311 323 331 336 343 345 346 354 359 363 379 380 385 414 439 472 482 493 517 529 533 564
366 378 445 553
302 304 305 306 307 308 312 315 316 318 324 325 327 328 332 338 340 344 350 355 382 383 404 412 422 424 445 463 476
351 529 551
506 538 572 591
306 309 338 378 382 394 397 433 473 481 554 596
302 303 304 305 306 311 313 332
328 332 346 351 359 423 471 473 482 486 495 536 540
311 319 321 328 344 351 392 394 450 461 471 517 554 568 571 582
302 304 307 309 311 321 329 332 335 337 341 344 346 350 351 353 355 357 363 365 368 369 374 382 384 391 402 416 434 438 441 446 454 455 460 464 467 472 481 515 566 571
302 303 306 307 308 309 310 313 315 318 320 322 324 325 329 334 335 336 339 340 342 344 347 348 354 364 369 370 371 381 384 385 388 393 400 403 415 427 435 461 496 538 551
302 303 308 312 313 321 322 327 365 367
303 304 310 311 313 316 317 321 325 328 335 339 341 347 348 357 373 375 378 385 386 390 417 446 463 503
316 371 386 420 447 478 489 493
303 306 324 335 343 352 354 360 361 368 377 382 388 412 440 458 470 498 502 514 519 561 595
335 341 351 392 450 469 510 528 571 572
357 360 409 447 582
302 303 304 320 323
317 363 368 417 466 523 528 569 588
505 509 525
302 305
320 357 374 472 476 481 484 501 506 537 568 581 582 586 598
303 315 363 402 424 442 446 481 482 486 502 520 522 523 545 562 565 583 584 589
332 340 565 569
337 338 396 415 590 596
317 385 399 411 484 488 541
304 310 320 325 334 340 341 343 345 353 355 356 370 372 380 386 397 399 414 428 434 435 440 447 459 476 479 481 487
370 381 415 426 432 456 466 499 556 560 594
390 393 427 429 447 471 494 499 517 526 565 579 590
302 304 305 306 310 311 312 313 314 317 333 334 335 336 338 339 342 351 356 362 365 373 379 384 387 399 401 406 425
311 316 317 328 390 416
302 315 341 347 359 364 370 380 407 408 433 524 573 592 598
370 428 515 551 588
304 306 313 324 346 349 353 369 370 377 395 447 569 578
323 363 368 448 496 551 579
302 309 316 318 323 327 339 354 362 386 388 389 392 421 424 434 443 447 482 483 489 491 495 581
371 389 424 446 467 501 586 595
350 354 361 372 378 409 440 452 494
304 316 336 341 344 347 353 358 362 371 449 457 466 498 523 543 545 553 578
303 310 311 321 324 326 329 332 334 335 339 341 345 348 356 358 360 361 362 363 367 373 378 383 387 389 391 392 394 401 405 406 423 433 434 442 448 451 469 473 475 480 549
302 304 306 310 311 314 317 319 320 321 322 324 325 326 328 329 338 339 340 342 346 348 360 365 376 378 379 401 438 475 494
306 311 315 316 317 321 323 324 326 330 332 338 342 343 344 347 354 363 364 369 375 388 389 397 406 419 426 432 445 447 454 455 484 489 540 560 580
309 315 364 382 402 415 421 449 459 486 488 493 515 545 554 565 571
302 303 305 307 322 323 327 328 335 347 349 359 363 373 381 434 440 444 451 454 459 485 512 539
360 367 384 428 458 501 519 568
307 314 317 320 321 322 323 329 335 341 345 347 351 360 361 368 371 372 374 378 382 384 387 394 395 402 408 416 422 430 474 480 485 486 522
306 321 326 342 358 360 361 364 375 385 416 422 428 456 481 485 491 530 532 554 573 584
311 326 327 339 351 352 366 416 434 490 519 558
302 304 305 307 310 311 312 313 314 318 328 344 349 354 355 365 383 421
341 392 404 446 449 456 478 492 585
302 315 333 338 400 413 427 442 457 514 549 587
314 330 347 386 425 448 496 516 550
302 305 306 308 322 332 335 340 343 348 349 352 353 359 362 371 376 377 381 398 401 417 424 435 443 444 458 461 496 501 505 511 546 551 576
302 303 304 307 309 311 313 314 317 318 320 322 324 326 327 330 333 336 337 343 345 346 349 350 351 359 371 374 376 377 386 396 400 404 415 429 443 503 504 510
350 377 408 412 451 459 522 561 571 599
303 304 318 319 330 336 338 339 342 348 372 407 412 431 445 460 501 508 516 531 549 569 579 585
