25 26 32 34
28 31 36
23
36
22 23 25 30
22 26
26 30 36
24 26 29 31 36
22
22 23 26 32 35
29 36
22 25 26

25 34
34
22 24 26 32
27



22 24 26 29 30 31
26
34
22 23
25
27 31 36
34



27 30 35 37
26
24 36 38

34
23

37
24 29 30 33
30
23 27
24 28 29 35

31
22 23 24 25 26 28 29
26 27 28


25 28
22 25 27 30 32
33
28 31

22 27 29
22 23 26 27 29 30
23 24 26
26 37
35
30
35 37 38

29 36
23 24 28 29 30 37

32 35
23 31
29


25 26 30

22 28 37
22 23 25 26 30



27 30


23 26 38
26 29 32 34 38
24
22 25 36

22 23 25 26 34 36
25 28
29
27 29 31
32 33
23 25

22 24 25

38
27 30
26 27 31 32
22
29 30 35

26 36 39
