
104
122 172 178 194
181
109 115 157 162 178
129
157 162 165 169 170
163
165 196

142 150 176

127 158 167 179 183
140 159 180
116 135 174
160

108 111 199


128 169 185
180
177



116 125 132 142 153 176
167
106
118 154
190
104 112 116 136 150 162 173 178
137
105 107 108 111 119
153 175
151
104 132
139 159

107 114
143 157 196
183
106 109 111 148 159 173 181 182
134 135 151 173
194



194 199
110 137 138 141 142 168 180 183
150 170 188 189
115 146 154 196 199
187
135 152 190 195
147 149

149 156 163
113 140 158 165 194


135

121 163

165 167 173 190
188
106 131
103 185
139

182
103 111 124 148 198

102 103 104 109 119 183
116 126 141 147 175
125 139
165 166
127 128 141 155 174 185 187
103 104
127

132 137
163
107 125 131 139

181

113 115 121 123 138 147 184 196 198



131 156 166 171 175
114 168
140 165 181

126 154
163 199
128 130 150 180
182
115 116 119 134 135 139 145 151 172
