54 56 58 62 71 74 77 78 80 82 90 95 98
54 56 59 62 65 73 76 79 91
52 53 55 58 61 72 74
70
53 56 57 58 62 68 70 77
64 94
52 53 54 56 60 62 63 75 77
53 54 57 58 59 60 61 63
63 64 68 92
60 81 90 94
61 66 69 76 94
63 90
63 69 71 99
63 76 98
81
53 59 60 61 62 63 64 66 71 72 77 82
68
73
54 55 63 67 75 80 92
74 84 94
52 55 61 69
54 57 61
54 79
99
56 92
53 64 66 70 74 78



66 72 73 81
53 90 92
72 83 91
61 81 85 86 87
52 53 54 55 57 60 62 73
52 53 65 74 77 85 95
94
81
88
76
52
53 55 57 58 61 63 66 71 74 83
63 74
62 77 87 93
52 56 59 60 63 64 71 80 82 87
62
58 59 63 64 81 93 94 95
52 53 57 59 63 65 70 73 74 85
52 53 55 57 59 60 65 66 74 77 78 82 87
53 57 59 64 66 69 71 73 78
63 72 93
60 90
63
74 88 90 92 93 97
79 80 86 99
79 88 99
71 72 73 79
53 56 57 58 63 66
52 61 62 67 69 70 71 74 77
52 54 55 60 64 66 75 87
56 59 61 67 70 82 89
52 53 59 63 65 71 73
52 55 56 63 72 74 76 77 81 83 89
53 55 58 64 69 70 71 84 90 91
66 70 80 90
52 67 83 93 96
64 77 90
52 54 55 57 62 63 69 94
52 53 55 57 61 66
55 56 57 64 65 84 87 92
54 55 62 86
56 70 81 82
52 58 62 64 66 67 78 80 82
53 54 63 64 71 83 90 93 98
62 97
55 57 58 72 76 78 82 83 84 85 89 93 96
52 58 61 68 71 73 74 79 82 86
52 58 59 60 70 76
53 54 55 62 71 74 83 85 92
53 54
52 55 59 64 72 89 98
70
78 96
56 58 59 65 67 69 72 74 76 77
59 62 65 79
54 55 57 58 59 61 68 73
67 91
52 56 58 61 62 63 66 75
63 65 74 77
52 57 58 60 80 84 86 87 91
64 69 76
52 54 59 60 61 63 64 65 66 70 79 87
60 73
59 62 75
53 54 55 59 66 89
65 68
52 55 62 63 66 74
53 54 55 56 59
54 55 61 62 66 73 75
52 65 96
52
