
64

99

62 96




91 94

72

74

52 66 75 86

82
62
58 66
62 68

71 80
60 62 69 77
62 95 96

72
64
59 72 76
56 62


59 63 81
53 65 69 85 87 99

81 92
55 62
58 64 73 80 92

84 87


90

61 64 66 87
61

63

71 72 79 94
67 89
82


90 97
71

67

55 60 71 76 79 95


57 59 66 84
54 73
69
53 54 60 91 93 99
67 71 86 96


92
73

52 54 81

53 55 58 69 95
54 56 60 61 78 79 83 95
64 70



87 89
55 64 95
54 56 57 65 68 77 78 85 93 95 98

54 55 56 64 67 74 91 97
52 53 59 72 79 80 95
78
93
87 90 91 93 99
83
62 77
86 90
85

53 57 58 61 62 64 70 72 76
66


58
