162 168
110 118 188 195

104 111 112 126 164 198
105 106 107 108 109 112 123 128 130 131 135 142 160

111 125 126 143 180
102 104 111 123 132 142 162
102 103 104 105 122 135 138 139 144 152 167 190
127
104 108 114 116 128 133 141 142 147 170
112 113 118 126 130 141 143 149 150 158 162 164 166 169
125 169 174
103 109 110 118 120 121 126 129 145
103 104 106 107 108 113 121
146 158

102 103 105 106 111 114 115 121 122 123 126 128 132 142 155 169
107 114 117 125 127 161 168 178
102 103 104
103 104 105 109 119 142 151 154 160 168 186
114 115 116 120 128 132 149 160 192
106 156 157 170
104 108 117 120 125 128 131 138 139 153 156 169

103 105 106 107 115 119 120 129 133 137 141 149 151 161
107 157 167
108 117 135 155 168 193
154
102 103 110 115 117 124 176
165 181
135
103 104 125 141 164 181
102 104 105 106 110 111 112 113 115 116 117 118 120 123 130 143 154
118 129
148 179 184 192
104 122 138 146 159 188 193 197
102 105 120 123 172 173
116 130 135 147 176 188 199
103 104 107 118
136
102 105 106 108 114 115 119 121 124 126 128 140 156 166
174
157 186
102 103
136
105 108 111 137 141 162 179 193
111 122 126 149 156 161 177 189
102 103 104 107 108 110 122 129 184 193 197
169
188 189
137 140 141
137 141 178 181
103 108 118 120 122 124 125 127 128 129 135 149
106 109 115 116 117 119 120 123 128 138 147 159
103 115 116 118 121 127 128 133 134 139 140 143 155 180
102 103 106 107 111
113 122 129 155 185
102
176
102 106 110 112 113 117 118 120 122 125
102 106 107 116 126 132 143 146 147 149 151 157 160 162 172 177 189
108 111 122 165 172
121 132 134 172
102 103 104 105 106 115 116 117 157 168
131 134 139 140 164
104 137 150 178
105 107 110 112 114 115 122 123 134 144 151 156 161
103 104 105 106 107 108 120 121
104 106 110 112 118 122 124 128 137 138 140 144 149 150 155 170
103 109 149 152 165 186
102 103 104 105 108 116 118 120 124 126 157
103 105 110 127 128 129 130 136 145 149 153 156 159 160 177
108 172 192
176
102
117 123 154 156
102 103 105 106 107 111 128 133 146 148 158 198
104 114 141 192 195
106 114 119 135 159
102 104 117 119 142
179 197
115 121 143 155
105 129 173
103 104 106 107 109 110 119 131 132 135 171
136
156 163 165
144 187
102 103 104 105 108 123 133 135 143
108 114 124 126 157 176
148 157 190
103 104 112 113 115 135 143 154 181
104 105 108 109 110 116 120 121 153
108 134 185 191
104 110 116 121 123 124 126 136 142 146 153 187
107 137 166 167 197

117 123 129 133 140 175 178 192
110 117 129 131 136 140 141 147 158 160 162 172
113 137 139 196 199
