313 319 345 347 352 398 418 419 441 458 485 496 564
323 342 345 409 411 415 424 435 456 492 524 545
310 316 318 325 327 342 350 352 379 414 424 429 441 518 526 527 530 545
317 350 375 391 438 492 535 578
302 303 319 326 340 360 364 366 387 392 393 404 412 440 471 488 518 540
316 370 381 401 448 454 507 516 519 522 541 559
315 391 398 435 466 554 561 572
303 314 334 355 357 360 362 390 426 437 443 445 455 483 487 518 530 536 579
306 309 312 314 315 331 383 402 432 460 497 517 530 591
348 375 414 448 477 507
396 438 593
339 463 506 535 536 568 577 579 596
305 307 320 326 342 352 368 373 381 392 409 420 438 471 479 484 491 555 564 569 572 578
307 347 394 545 558 582
312 313 314 318 371 393 418 428 430 443 451 466 504 514 524 528
318 334 336 351 362 367 445 460 467 540 547 565
308 312 318 372 384 428 450 497 498 499
314 383 441 458 468 478 512 522
305 341 370 377 378 381 385 388 402 433 434 441 470 517
320 358 373 377 378 395 399 418 427 435 446 461 472 486 490 494 507 518 522 545 579 587
307 319 327 333 348 426 445 464
358 444 477 505 512 523 528 563 577
317 318 320 338 357 370 372 384 386 392 399 425 428 452 544 553 588
321 337 340 352 355 357 362 370 407 436 506 530 569 599
306 336 345 379 394 395 405 421 425 446 452 453 460 466 502 514 526 542 560 580
325 345 373 410 448 459 466 483 521 546
302 310 342 358 368 442 455 469 474 554
306 311 316 329 350 379 383 387 389 411 423 469 482 582
340 341 356 362 367 387 420 433 441 455 460 484 513 548
347 350 390 417 428 443 449 455 457 508 518 535
312 316 317 318 329 374 377 385 391 421 442 494 501 502 504 507 527 546
311 319 356 376 386 402 407 424 451 470 477 480 515 543 556 584 592
303 310 323 326 330 337 340 348 360 369 374 379 419 436 443 452 456 457 470 488 561 592
327 332 339 379 429 452 463 471 475 478 487 491 521 523 545 553 564 567 579 586
312 397 398 428 457 481 564 567
302 306 310 312 314 326 334 336 352 360 382 385 391 421 425 445 465 497 509 514 525 538
364 381 389 534
407 432 460 571 574
321 348 380 399 457 462 475 476 514 516 528 529 534 562
317 338 372 402 411 412 419 421 435 442 448 452 479 486 543 561 571
308 309 313 332 339 349 374 381 404 435 438 457 464 481 533 549
351 354 392 432 445 450 473 535 555 589
326 337 352 390 416 443 462
335 337 383 393 395 400 410 412 461 473 532 587 588
320 322 325 338 343 349 352 358 388 433 434 436 451 459 474 488 518 528 530 532
329 358 437 443 475 478 488 497 525 526 549 556 573 587
375 380 390 391 424 425 474 491 514 534 537 556 583
317 322 326 328 343 366 369 420 428 446 521 556 564 573 591 593
302 305 307 312 316 324 354 362 375 404 434 454 469 473 485 495 497 552 575 580
324 331 332 334 345 380 395 404 409 429 456 474 488 489 499 507 524 544 573 593
319 337 346 352 356 361 371 374 384 406 426 440 456 472 487 517 535 549 566
368 386 390 402 451 463 466 532
321 357 379 391 394 397 400 402 497 511 533 553 562 563 570 598
303 371 373 384 396 432 448 451 482 543 547 561 593
304 316 325 328 330 343 376 423 455 480 485 488 492 495 501 511 512 517 522 538 551
341 365 371 389 395 406 409 423 432 450 458 499 511 534
397 428 450 451 487 488 530 545 561 563 586
323 330 353 401 429 458 464 477 494 549 558 581 588
372 376 446 473 490
320 326 333 339 341 381 445 447 449 461 476 524 568
330 334 339 342 350 354 355 416 461 471 488 494 500 515 531 547 551 555
321 323 356 360 369 373 383 407 469 481 482 504 564 574
340 358 416 426 471 472 484 523 534 580
383 415 426 435 461 534 535 568 572 579 580
304 314 321 323 351 363 367 386 451 488 491 524
306 325 326 357 363 374 379 404 413 424 433 435 486 496 506 552 566 583 597 598
313 336 347 364 400 433 467 494 511 548 562
387 395 408 419 428 433 467 487 496 504 509 532 540 544 547 561 594
381 397 465 504 521 570
327 345 352 408 418 425 437 464 485 538 539 544 556 561
302 326 382 396 399 419 438 439 464 482 549 585 593 594
305 307 308 309 310 312 317 323 330 337 341 415 445 455 534
338 339 356 376 502 531 565 598
353 370 372 381 382 429 450 453 456 469 499 522 523 541 546 566
327 334 350 373 383 386 407 452 511 534 579
350 397 476 490 510 518 521 595
312 316 319 348 352 360 388 398 400 417 447 457 472 496 514 574 593
353 365 369 403 418 426 446 470 513 514 561 571 584 590 599
314 324 369 387 388 412 414 415 423 439 441 467 471 539 545 560 565 593
306 307 312 315 316 343 407 420 468 595
317 341 348 357 363 365 367 425 475 593
302 307 318 342 393 431 445 537 543 552 567 577
328 412 440 463 533 597
303 316 320 328 417 418 429 454 463 494 497
339 368 377 382 406 413 457 466 577
307 354 367 381 385 390 393 418 447 464 536 540 559 574
327 346 388 394 429 436 459 467 515 548 563
306 312 439 441 453 495 534 569 583 595
319 321 329 340 354 357 378 472 494 507 513
304 307 313 367 394 431 471 521 530 537 566
302 307 341 343 353 361 379 399 423 485 511 559 566
378 396 459 460 468 550 559
318 340 373 390 458 469 473 475 523 536
346 357 360 362 399 409 429 485 504 577
316 320 339 359 374 397 401 416 452 467 486 488 508 530 540 562
309 337 361 369 390 405 417 482 507 512 514 518 528 538 556 559 574
500
302 309 337 347 351 370 374 388 393 396 418 433 448 461 471 488 492 505 519 526 528 559
334 351 362 384 416 445 475 487 506 524 588 594
390 429 476 483 559
