345 347 398 419 485 496 564
345 411 492 524
316 327 342 350 429 441 518 527 530
350 578
319 360 364 392 412 471 540
316 370 381 448 454 507 516 541 559
391 435 572
357 426 455 518 530 579
309 315 432 460 591
348 477 507
438 593
339 506 577 579 596
307 326 368 438 471 555 569 578
307 582
393 443 504 524
318 336 445 467 565
318 372 497 499
383 478 522
370 377 378 381 388 402 433 434 517
320 373 378 395 418 427 446 486 490 494 518 522 579 587
307 327
523
320 338 370 372 384 392 425 428 544 553 588
340 436 530 569 599
394 405 421 453 466 514 526 542 560 580
373 521
342 358 455 469 554
316 329 350 411 423 469 482 582
340 362 367 433 441 455 460 484 513 548
347 350 390 508 518
318 329 385 421 494 501 504 507 527 546
356 376 386 424 584 592
303 323 369 379 419 470 488 592
471 475 478 491 521 545 553 564 579 586
398 428 564 567
306 310 326 334 336 497 509 514 525 538

432 571
462 475 514 516 528
338 372 402 412 442 543 571
339 349 374 381 404 435 464 533 549
445 473 555 589
337 390 416 462
393 395
322 338 349 433 434 488
329 437 488 497 549 573 587
390 474 514 534 537 583
317 428 573 591 593
305 375 404 434 454 485 497 552 575 580
331 395 409 429 474 488 489 499 524 573 593
337 346 356 406 426 456 472 487 549 566
451
357 391 394 397 400 402 553 570 598
373 432 448 451 543 593
304 330 488 495 511 512 517 538 551
341 406 409 423 432 458 499 511 534
428 530 563
323 353 458 549 581 588
473
326 333 445 447 524 568
330 339 342 350 355 416 461 471 488 494 515 531 547 551 555
321 323 356 369 373 383 407 469 504 564 574
358 416 472 484 523 580
426 535 580
304 314 321 363 491 524
374 496 506 552 566 583 597 598
336 347 364 467 494 562
387 395 408 428 467 496 532 540 594
521
327 345 425 538 539 544 556 561
302 326 419 464 549 585 594
305 307 308 317 445
598
381 382 429 456 469 522 523 566
334 350 373 383 386 452 511 534 579
350 397 476 595
319 348 352 472 496 574 593
365 369 418 426 514 561 571 584 590 599
314 324 369 412 414 415 439 441 467 471 539 560 565 593
307 468 595
593
445 537 543 567 577
533 597
417 463 494
368 406 466 577
367 385 390 418 447 540 559 574
346 459 515 548 563
306 441 453 569 583 595
329 357 378 507 513
367 394 431 530 537 566
302 307 361 379 423 485 511 559 566
459 550 559
340 373 458 469 475
399 409 429 577
320 339 486 508 530 562
337 361 369 417 512 518 538 556 559 574

347 370 374 393 418 433 448 488 559
334 351 506 524 588 594
483 559
