305 434 304 93 555 312 346 180 379 153
464 302 335 479 351 302 302 327 477 55
479 523 311 559 308 235 302 302 387 318
311 424 312 306 486 381 302 325 337 375
303 304 442 307 304 309 302 307 419 302
340 464 340 217 162 231 298 231 378 461
338 317 319 307 315 421 364 307 307 347
309 312 343 385 349 478 314 225 304 376
345 302 367 302 330 217 368 302 596 302
306 310 183 310 289 365 330 310 371 305
302 309 349 310 333 31 307 315 282 317
323 459 303 459 370 310 325 310 310 349
379 35 302 464 9 403 318 421 302 306
337 309 330 357 395 456 324 330 320 357
435 318 278 302 76 39 313 345 401 362
312 347 406 307 406 303 406 513 355 307
339 542 365 311 423 441 306 393 314 306
356 302 306 529 307 312 107 574 319 590
305 442 317 524 306 373 361 304 442 302
402 266 474 314 308 71 303 318 313 312
463 346 308 305 307 110 313 413 358 302
303 302 303 474 307 536 536 552 536 302
304 173 68 377 307 381 368 415 316 328
462 311 341 303 240 302 311 358 340 523
308 302 316 330 316 406 304 306 305 316
392 406 306 359 369 571 44 581 513 314
492 492 302 322 10 327 395 405 345 302
477 318 312 317 306 332 500 411 479 304
411 306 453 504 306 427 340 232 309 352
306 221 220 579 318 357 308 308 458 323
307 324 313 307 311 307 318 309 318 368
307 302 429 319 305 135 303 303 276 305
320 382 309 334 201 307 308 304 302 509
411 371 306 349 306 297 18 306 305 302
489 334 305 406 414 317 304 375 310 397
215 302 302 328 365 304 554 189 498 98
305 305 464 303 302 423 82 367 459 76
302 454 307 33 306 307 298 248 392 302
329 401 304 303 422 303 322 302 423 302
383 304 387 377 310 305 310 306 361 484
329 311 303 78 398 302 382 120 352 452
192 303 60 337 308 22 434 310 211 335
303 83 171 329 308 303 316 316 310 336
106 21 302 317 118 323 1 317 306 172
457 384 302 235 409 302 461 303 303 303
79 325 305 305 30 190 357 585 382 187
537 41 304 307 447 311 325 366 171 310
387 515 331 351 315 319 303 307 351 314
76 302 302 327 391 302 249 325 302 223
303 347 303 306 278 303 303 429 395 306
302 304 446 302 336 312 309 304 268 342
348 388 362 394 323 208 483 323 412 388
332 482 373 373 302 336 538 304 302 303
313 306 269 183 225 351 323 574 309 532
305 321 303 341 407 303 461 303 310 302
339 398 303 352 304 377 322 302 354 310
37 307 433 388 329 466 366 307 492 415
315 340 350 574 169 302 487 313 354 332
426 302 403 316 307 426 248 309 353 322
74 74 63 407 302 316 304 309 305 361
311 316 429 306 433 548 295 380 311 313
415 537 395 363 354 261 167 135 255 546
261 73 261 306 311 272 321 303 303 436
338 355 319 373 63 319 352 372 328 306
322 323 316 320 412 324 306 310 305 303
333 308 308 304 303 303 367 304 304 513
211 307 222 302 360 305 305 472 69 444
425 547 377 161 239 314 327 310 306 494
359 303 335 302 359 302 381 302 329 359
362 334 410 293 302 521 313 185 36 318
307 232 344 517 20 192 278 307 307 307
303 452 302 302 441 332 454 303 481 321
350 375 218 375 340 340 354 330 547 412
416 123 450 302 451 300 303 345 424 296
302 316 75 435 316 316 568 316 316 302
399 347 333 319 358 306 323 196 586 359
446 340 307 323 307 307 302 459 323 303
303 316 440 119 311 311 354 303 349 378
576 307 376 75 309 535 480 309 309 302
304 482 158 382 322 302 376 313 191 175
320 434 235 190 190 311 302 47 308 511
327 307 303 472 342 296 403 335 586 311
119 304 304 302 361 369 532 309 351 309
331 331 317 543 187 305 305 318 502 328
311 372 315 311 396 311 311 481 303 319
348 312 470 210 302 311 302 403 313 583
309 347 339 177 315 303 315 418 304 342
302 341 326 311 304 305 316 330 304 326
430 582 578 302 302 359 307 307 354 416
440 32 343 318 355 352 355 544 314 324
143 349 356 76 18 157 523 312 341 152
305 308 310 311 451 190 150 442 313 350
329 308 302 302 399 316 302 304 302 325
306 303 311 293 406 332 314 302 370 214
304 307 237 304 324 358 376 413 349 469
312 338 426 302 304 423 404 312 302 381
323 315 335 324 252 344 419 331 534 307
356 551 303 520 308 328 46 378 340 522
409 233 321 196 311 321 263 326 355 312
305 302 358 307 302 307 100 480 377 306
