303 357 584 303 311 448 302 89 326 308
302 193 302 351 12 418 305 306 308 302
307 185 378 332 329 308 304 570 337 466
303 456 411 302 405 315 406 302 303 315
312 375 333 312 345 333 337 352 354 314
313 338 386 420 556 353 428 315 561 391
35 162 312 397 453 307 302 95 313 302
163 306 314 62 306 353 303 314 304 316
303 308 307 391 581 323 302 318 470 305
305 493 305 565 305 100 340 339 55 399
306 288 339 304 312 339 333 339 304 402
422 173 308 344 305 310 302 327 322 327
313 1 302 455 332 307 132 1 1 1
309 421 350 487 303 325 171 328 316 145
318 304 303 355 320 168 311 351 311 310
372 101 70 367 307 387 315 420 378 294
380 425 313 33 557 157 302 371 305 302
326 309 305 304 304 53 364 423 313 364
317 307 363 60 85 223 315 322 317 30
348 346 306 302 344 361 321 549 303 321
303 33 309 449 340 303 309 340 557 367
546 302 33 330 554 327 195 327 302 310
313 461 302 393 547 39 409 321 329 432
152 304 302 304 360 302 305 400 302 305
306 315 322 499 306 306 368 306 306 424
400 37 307 389 303 310 327 303 346 342
308 317 302 467 350 340 466 312 314 306
320 134 305 404 302 260 451 318 312 396
302 325 310 432 302 381 208 310 310 310
309 307 309 310 362 508 308 326 391 30
375 300 273 339 302 307 304 300 300 478
302 302 323 323 457 323 323 323 326 387
304 306 320 123 306 303 306 322 380 306
303 557 303 71 303 312 499 361 304 228
302 302 302 323 564 308 362 308 322 302
350 310 420 23 221 350 568 323 306 306
312 427 241 406 306 565 326 308 203 411
490 556 420 313 378 160 110 309 357 490
389 12 337 355 516 314 317 304 303 298
416 308 302 595 411 304 302 416 554 320
368 311 338 303 303 324 303 343 310 417
302 318 331 362 307 331 419 73 304 307
333 199 331 322 333 328 328 354 474 326
572 315 257 52 303 302 325 319 315 307
308 302 304 310 55 330 302 308 328 324
305 503 425 353 323 267 584 196 359 90
59 312 365 86 324 440 309 371 363 324
303 231 52 307 223 368 380 333 14 530
243 305 1 176 303 317 1 380 561 377
319 156 580 310 302 340 322 454 307 341
222 315 387 332 434 194 529 302 342 529
319 320 320 360 312 360 318 362 349 397
80 156 174 312 324 342 365 538 95 428
331 306 327 56 302 302 302 306 306 375
469 383 334 305 310 425 307 581 303 397
306 507 308 374 431 353 305 308 368 253
525 355 332 396 311 383 172 119 525 306
315 274 119 315 596 308 302 356 201 431
309 303 302 330 303 597 303 302 363 290
336 310 302 333 302 380 459 304 354 302
303 306 302 413 540 356 322 305 158 263
308 308 247 37 310 318 487 308 308 308
332 407 307 365 314 390 317 319 431 116
409 243 320 215 309 511 215 308 64 308
225 300 1 335 308 584 399 327 402 584
335 35 349 327 417 103 402 304 345 558
302 36 308 333 497 548 537 316 384 146
312 274 302 302 356 311 351 311 303 419
304 314 564 436 396 302 454 427 523 304
366 305 483 360 312 383 305 359 305 360
45 313 329 314 326 311 309 313 341 363
335 195 316 355 314 335 307 44 346 322
75 332 518 323 520 315 303 302 315 309
310 365 199 381 311 472 314 347 302 334
303 304 452 310 342 303 307 319 318 302
304 303 348 309 570 304 302 304 365 329
328 334 320 328 156 476 322 333 273 331
201 306 303 303 57 303 495 306 63 440
371 220 153 315 311 302 302 302 305 288
304 309 321 594 433 317 367 320 306 311
249 306 303 372 304 307 318 330 351 104
302 302 47 303 306 302 303 312 336 303
319 303 303 302 302 303 303 302 303 573
455 307 233 411 308 315 250 328 422 309
310 260 302 320 307 473 468 354 407 302
228 416 554 311 308 316 568 311 310 310
333 337 312 305 317 315 305 308 176 304
304 23 304 383 205 356 318 14 340 304
187 228 406 304 313 302 302 302 306 303
308 308 311 312 308 317 302 308 310 204
312 320 319 339 312 416 334 312 302 312
414 302 382 303 398 302 302 378 388 119
318 338 458 53 411 339 339 339 303 308
399 311 343 366 308 302 325 305 302 370
306 306 82 392 174 325 456 304 559 304
585 313 1 585 387 365 332 365 303 252
334 393 168 325 311 306 395 307 305 318
426 329 311 317 329 329 302 303 329 307
389 472 378 193 351 98 115 356 421 320
304 372 303 402 312 304 306 305 436 304
