6 37 20 23 33 29 23 25 27 20
24 33 11 14 12 22 15 32 26 25
26 23 28 38 19 28 23 12 25 29
31 37 24 29 22 24 24 24 30 22
2 15 20 19 20 27 28 20 27 39
7 22 23 24 20 18 19 7 38 23
22 22 26 26 2 26 2 24 5 26
36 24 28 31 24 37 37 24 27 25
35 31 31 29 19 17 19 35 26 29
34 33 15 24 23 24 20 24 15 15
29 25 24 24 35 23 32 20 32 32
37 23 22 20 23 31 20 29 31 30
25 27 10 25 22 35 10 38 22 29
1 22 39 5 2 32 6 27 32 32
1 25 26 27 22 1 16 22 33 1
39 20 25 39 22 23 22 5 22 5
27 22 26 26 22 12 37 22 11 22
20 25 34 24 25 20 24 26 13 24
24 24 26 33 7 8 25 24 33 24
24 28 7 20 25 23 38 23 22 7
27 27 20 29 25 12 27 27 17 17
2 22 31 24 1 39 17 33 22 24
20 20 27 25 5 25 27 35 39 38
22 25 22 24 24 24 34 27 24 24
15 28 2 28 31 20 22 22 28 28
13 22 15 25 25 35 22 8 22 22
2 36 33 5 9 14 36 22 34 14
30 20 25 20 30 30 30 10 30 23
33 26 22 23 23 34 28 26 23 23
22 30 25 33 6 24 25 24 27 30
22 13 28 19 28 29 11 26 32 24
22 26 27 34 26 5 25 25 6 33
31 32 26 32 37 8 13 1 33 1
2 36 1 20 22 22 22 22 30 8
20 35 20 29 15 38 31 35 33 20
14 33 23 33 25 4 24 26 25 20
1 29 20 26 8 15 33 1 8 20
31 22 38 2 35 2 26 12 22 26
22 24 28 22 22 8 25 27 17 27
25 26 26 39 23 8 6 23 35 23
23 22 23 22 23 22 9 23 23 22
3 24 22 3 22 7 4 15 24 23
23 24 23 34 1 2 38 8 20 27
34 29 8 29 34 27 29 22 29 27
32 31 23 6 3 36 16 8 26 23
32 10 29 36 32 24 32 23 23 33
7 14 25 2 6 25 20 31 3 26
1 24 1 29 1 22 1 23 20 2
22 24 9 25 6 22 22 24 39 28
28 36 34 23 24 24 28 28 23 23
38 23 10 2 23 29 12 13 23 26
5 25 24 12 25 29 22 32 13 13
22 34 37 2 27 12 1 26 22 1
26 8 9 20 12 22 29 11 25 29
12 15 12 28 12 29 25 19 23 25
23 4 23 16 24 19 28 25 20 23
1 12 36 24 14 4 3 18 32 4
28 20 28 27 20 30 8 22 25 32
23 5 22 23 23 29 29 4 29 29
32 5 33 15 27 13 20 23 2 25
1 33 39 1 1 1 1 1 1 22
26 24 23 23 26 26 22 23 13 24
32 9 28 18 23 3 1 22 2 37
2 20 5 28 22 2 22 22 22 22
24 9 28 31 24 37 15 26 35 26
27 9 22 5 27 9 9 22 38 27
26 23 22 22 23 11 10 23 22 2
24 25 22 23 25 30 22 22 22 24
29 14 26 24 36 22 28 15 16 26
15 28 23 28 28 18 3 25 28 22
24 23 24 32 2 39 32 20 2 31
24 8 26 35 37 5 24 26 1 37
22 37 27 22 22 22 37 6 7 23
33 24 24 24 22 22 24 5 22 22
22 28 34 34 22 2 22 22 34 34
22 32 35 22 22 17 22 28 35 35
23 22 23 23 23 22 22 37 23 24
25 12 36 36 22 25 3 2 13 9
20 39 2 1 22 17 20 6 39 20
14 31 6 22 22 31 25 31 17 25
24 24 22 22 24 22 7 22 22 22
23 22 23 22 23 22 24 30 4 23
33 33 14 25 33 23 23 33 26 25
31 26 23 28 35 20 23 23 20 29
22 30 30 35 22 23 7 24 7 36
15 36 8 39 39 29 39 39 12 22
25 1 27 25 1 25 27 24 11 3
22 23 1 22 23 22 22 23 25 22
28 28 30 20 22 31 28 7 22 23
25 25 3 25 24 25 22 25 26 24
2 1 32 22 30 1 6 17 1 17
17 27 22 27 23 24 24 22 27 19
39 14 25 22 24 22 1 37 30 22
32 22 32 10 17 16 23 23 18 17
19 1 1 22 18 14 30 1 22 30
33 20 34 32 19 32 22 22 32 32
19 17 22 22 26 23 10 3 24 30
37 17 35 30 8 8 23 30 30 26
22 32 32 22 32 30 32 22 22 32
17 17 39 31 30 17 17 30 22 30
