147 115 17 107 150 115 106 102 74 107
87 9 28 169 100 104 104 102 128 102
110 144 109 109 173 102 107 154 102 109
39 107 108 21 107 121 107 108 22 27
143 102 143 103 102 105 102 113 196 150
134 102 104 103 193 134 109 114 134 111
136 146 123 174 142 107 137 146 111 123
102 119 57 181 110 109 110 122 108 120
104 156 102 105 102 102 102 133 53 95
127 142 121 80 102 91 102 136 198 110
103 142 115 107 115 108 143 105 104 104
102 102 162 104 102 108 104 104 104 102
115 105 123 44 118 89 114 102 65 129
105 116 127 119 124 112 39 103 116 116
93 120 108 114 106 62 31 192 111 146
90 103 124 124 106 124 103 102 103 102
108 29 108 115 109 137 136 109 134 109
64 174 46 111 64 79 155 102 158 103
76 102 159 119 103 109 107 105 116 104
105 11 108 105 104 102 103 30 171 104
139 102 102 116 120 123 103 105 111 122
109 190 107 146 102 122 138 107 104 122
105 145 143 146 105 105 105 86 118 103
102 140 173 33 82 22 116 160 102 107
15 148 158 15 148 107 71 141 191 150
166 102 115 102 114 116 103 116 123 169
199 102 7 108 177 75 66 102 102 103
105 105 147 103 102 183 103 102 105 102
107 117 103 103 111 121 76 132 102 4
103 112 129 117 102 117 138 112 105 102
6 105 104 128 185 153 54 85 106 102
105 49 138 117 125 117 106 133 105 117
23 104 110 166 102 126 184 102 30 138
34 97 117 104 117 113 117 102 154 107
1 192 100 38 102 54 110 1 1 141
48 13 114 131 199 169 178 14 169 169
119 105 134 107 102 121 180 108 171 112
114 115 57 102 129 130 102 142 129 155
144 104 102 163 75 56 102 102 110 104
107 107 165 185 126 113 142 121 109 107
115 17 155 105 105 116 117 121 105 155
129 104 125 103 108 109 102 109 128 102
144 53 105 2 124 151 110 162 116 61
105 117 105 105 53 103 143 102 102 138
109 108 126 106 109 114 115 61 137 139
102 196 189 33 106 144 145 10 105 105
106 51 150 105 157 172 113 118 37 131
104 145 145 102 132 106 118 106 103 169
110 113 192 110 138 110 110 112 196 106
108 77 116 103 17 160 1 102 103 97
112 61 193 87 104 104 118 1 112 149
135 94 129 114 185 135 122 127 114 135
197 102 117 105 159 56 109 117 137 121
144 104 121 142 106 110 110 106 173 104
87 103 110 83 110 134 110 103 119 103
105 102 105 103 105 131 163 137 166 102
148 124 23 123 78 4 111 148 148 158
53 62 104 137 102 111 103 104 104 106
129 106 142 116 91 104 102 104 57 102
123 109 149 117 120 149 25 104 102 114
197 130 130 103 140 164 76 105 144 102
129 153 104 116 137 116 124 116 104 115
146 105 107 45 106 104 107 111 105 105
151 145 113 102 105 199 104 121 46 105
115 105 105 115 102 122 109 109 103 187
109 38 108 123 128 93 167 82 161 165
120 113 114 171 110 100 113 46 120 114
136 113 64 64 112 138 188 20 168 103
196 124 61 132 154 66 80 114 154 143
104 132 118 107 92 106 107 6 104 117
117 105 110 145 145 165 90 102 87 105
104 107 104 68 115 106 126 5 127 109
118 97 114 154 160 158 144 103 116 103
139 79 146 103 103 181 103 102 103 191
146 119 103 103 165 102 130 143 154 181
28 102 153 142 143 151 64 108 41 61
108 108 42 106 123 106 180 103 106 110
102 71 78 12 102 127 81 102 113 81
126 64 166 162 140 98 106 70 111 102
121 20 113 4 112 116 102 114 37 16
130 120 165 102 103 113 124 111 181 83
102 112 103 123 119 24 184 70 121 134
65 107 107 109 134 102 103 103 107 109
113 106 179 117 10 106 110 110 125 62
102 107 109 177 105 107 105 149 105 117
124 112 106 122 119 124 119 105 105 106
91 103 181 154 110 160 130 124 165 8
158 102 134 48 114 129 107 65 126 109
110 103 186 127 108 103 106 110 147 147
113 102 25 105 16 48 165 146 114 144
104 104 139 100 102 102 144 27 111 139
149 119 113 132 105 122 102 170 117 45
106 113 127 58 102 102 15 102 109 109
105 103 178 163 114 107 153 134 110 180
64 114 135 1 26 1 1 102 102 1
105 17 102 130 102 105 78 105 105 105
98 115 103 112 98 37 97 187 24 104
102 102 102 166 109 3 125 107 192 103
104 190 70 174 96 32 60 165 119 114
153 135 199 139 110 111 105 106 111 99
