22 12 34 35 24 12 22 25 10 11
20 6 28 9 22 28 28 24 16 30
1 1 9 23 25 24 23 22 23 23
15 30 28 13 36 24 16 33 30 30
35 36 1 2 1 39 28 28 24 27
32 26 22 12 26 39 26 23 27 27
20 19 19 25 24 25 6 28 34 19
27 28 33 3 37 33 14 32 29 6
25 6 34 15 4 34 25 17 22 11
28 1 22 22 9 22 4 1 1 22
22 33 37 39 28 37 33 14 22 22
12 27 38 35 12 29 23 17 38 17
22 31 31 22 15 31 31 1 16 22
16 39 31 39 22 39 14 27 36 22
8 25 36 7 25 8 20 1 36 25
37 2 8 37 20 1 35 24 18 15
13 23 2 24 23 23 25 23 24 22
31 22 16 20 7 31 20 26 16 24
22 24 3 22 22 24 24 22 17 24
22 23 32 5 22 5 3 24 24 24
28 12 14 33 30 34 12 24 24 27
22 23 32 1 22 30 23 27 1 20
23 25 23 23 22 22 22 24 23 23
9 26 24 29 22 22 23 22 30 24
31 6 20 29 37 23 31 22 26 28
16 39 25 1 27 25 23 27 5 14
27 3 12 34 9 6 22 22 6 12
6 33 27 37 6 32 28 23 28 28
25 23 23 27 30 27 15 12 23 8
23 22 22 7 29 2 24 33 1 36
39 27 39 36 20 20 39 20 20 20
22 24 3 24 28 22 37 28 24 1
6 28 35 37 26 28 36 28 7 25
10 2 15 2 27 26 9 31 2 14
29 15 8 33 28 9 28 10 8 28
1 1 10 33 16 22 14 9 25 33
31 22 37 8 25 20 22 29 25 22
29 8 22 8 22 7 5 7 22 31
25 25 32 33 30 25 32 6 18 28
20 39 16 20 15 28 14 11 10 23
23 39 10 38 14 30 15 26 39 26
31 23 23 23 27 12 31 39 20 23
25 39 7 35 16 30 37 32 11 10
34 22 39 23 22 27 24 27 4 7
31 8 30 27 27 32 30 24 9 37
28 24 33 33 23 23 24 22 36 23
31 24 17 29 22 33 23 37 31 23
29 23 29 34 17 4 34 22 22 22
1 18 22 1 32 22 2 24 39 22
24 20 32 26 12 33 24 18 24 39
23 27 26 24 25 30 23 25 32 19
22 29 27 6 27 6 27 22 30 22
30 7 30 22 23 29 16 28 23 27
29 29 7 24 18 34 28 24 7 26
28 24 25 22 24 7 28 36 8 23
35 33 36 37 34 14 11 23 15 26
29 15 29 35 29 29 23 25 22 1
10 22 23 22 29 26 10 23 20 29
29 12 33 24 22 25 23 22 12 31
29 17 32 26 32 22 22 1 36 36
29 34 22 29 24 25 15 31 27 27
7 25 25 12 32 26 33 23 30 23
1 28 27 22 36 36 22 27 36 36
17 32 22 22 29 29 24 29 22 7
27 24 29 5 27 20 26 29 30 24
24 22 35 22 1 24 22 2 1 24
14 28 24 24 3 3 23 28 28 4
27 32 35 23 32 23 22 27 31 3
17 3 18 9 5 38 20 20 27 5
22 11 33 23 22 23 24 11 22 32
15 15 31 23 23 34 20 35 24 22
35 22 2 5 5 26 6 28 5 22
28 17 23 23 37 20 26 27 29 34
39 23 36 36 36 24 32 1 5 39
30 18 36 22 20 30 5 30 20 1
1 20 25 1 23 11 1 23 1 12
22 22 24 32 24 22 22 26 2 26
27 33 33 2 23 28 28 24 23 24
20 32 16 25 24 19 5 22 29 22
37 16 38 10 23 22 32 32 23 39
22 23 34 22 23 11 13 25 35 25
24 16 29 22 18 33 22 25 25 24
11 22 25 18 25 29 25 25 25 25
23 24 35 22 13 22 30 7 24 36
20 29 20 29 20 1 25 25 24 25
22 22 22 22 22 24 1 20 20 23
24 34 14 34 22 6 14 5 15 22
31 25 30 23 30 38 22 26 26 24
22 38 24 27 9 35 24 22 23 23
34 22 13 22 1 39 20 1 22 22
29 29 23 29 23 18 25 23 34 23
1 26 22 26 22 28 38 26 3 22
24 26 22 5 26 1 9 39 27 22
37 24 24 24 32 24 37 23 23 23
17 23 23 39 26 31 23 15 23 23
23 1 26 12 1 33 23 26 1 29
12 25 37 36 28 2 3 27 37 12
35 22 22 38 22 26 23 23 33 23
11 27 25 25 33 25 37 22 22 29
23 23 35 23 22 26 23 26 12 23
