60 71 60 47 18 60 64 74 55 48
18 61 81 59 59 91 56 58 55 97
27 54 33 58 60 12 54 79 92 50
67 59 55 65 63 71 49 63 76 59
11 55 55 55 52 11 55 55 55 80
93 54 80 55 52 80 60 52 88 54
74 52 74 56 52 74 52 74 52 74
54 1 10 11 14 55 14 12 30 14
54 1 76 1 83 87 52 68 1 66
33 52 11 12 52 81 68 74 92 72
22 9 63 56 44 66 63 59 67 92
55 52 52 1 56 64 56 59 54 74
58 52 72 54 52 54 66 50 66 58
53 55 55 98 55 52 53 53 54 71
49 47 56 61 54 68 35 98 56 44
91 57 68 52 55 42 64 1 53 53
63 56 56 1 52 52 56 56 56 88
59 91 54 61 92 57 32 55 52 57
52 76 50 62 62 52 52 53 52 49
37 87 80 78 63 78 81 55 78 63
71 52 50 52 71 71 50 54 52 52
94 36 65 28 54 52 77 54 99 70
98 62 53 62 55 55 63 88 50 70
70 54 54 33 23 56 95 86 53 90
59 34 69 54 52 24 53 46 52 34
53 63 93 53 52 43 57 91 67 63
85 55 64 56 57 12 63 55 53 56
66 23 89 71 61 50 71 53 52 58
33 57 32 78 81 60 68 74 55 59
52 52 40 52 63 52 54 52 54 54
68 53 57 63 40 23 32 59 97 57
55 52 62 37 52 34 55 58 54 52
54 52 80 71 52 54 52 54 53 52
52 57 53 88 54 54 58 53 54 97
76 56 76 7 15 24 76 46 76 85
66 87 70 52 66 16 46 93 56 79
83 52 86 53 52 53 60 53 52 53
52 92 56 53 52 56 53 56 49 56
52 59 50 52 54 59 94 7 80 59
84 82 26 71 56 60 53 53 53 41
70 60 58 53 53 60 53 73 52 74
53 58 98 54 1 87 79 11 57 87
64 52 64 66 97 61 68 64 64 76
98 63 50 94 68 96 54 64 52 93
52 55 5 53 55 53 62 53 52 53
71 18 56 66 64 25 68 6 68 53
29 21 81 56 50 60 65 60 96 52
56 54 54 75 54 58 52 44 63 80
53 70 74 77 53 47 57 68 53 15
50 56 54 22 58 54 69 17 92 16
41 56 24 62 56 28 26 26 62 6
54 76 58 55 55 55 55 73 34 96
1 59 75 1 17 68 82 76 55 68
54 54 62 55 66 59 93 62 23 56
90 54 52 52 52 77 62 52 58 35
90 47 1 78 12 82 13 1 28 1
31 24 55 53 43 67 56 56 93 11
52 54 67 55 97 8 67 90 56 59
1 53 76 54 81 1 68 58 90 81
63 72 72 99 63 63 52 56 52 63
23 53 52 76 55 54 76 53 54 33
77 52 61 53 83 53 21 52 82 56
57 44 52 18 59 58 18 57 59 61
43 68 83 59 60 43 59 56 52 22
56 4 53 88 58 88 67 1 68 22
53 56 1 57 53 79 62 81 30 55
50 29 86 52 72 75 63 38 20 56
61 54 60 62 16 52 54 17 16 27
57 57 50 20 35 53 57 22 50 50
55 57 58 64 93 17 53 15 10 55
53 79 53 60 62 55 64 81 53 53
79 52 58 58 65 52 53 75 53 61
54 55 24 95 58 53 53 62 58 71
65 56 59 58 58 54 68 56 59 67
54 53 62 66 52 36 69 53 44 53
59 69 54 65 26 8 59 65 67 61
44 41 75 58 34 60 71 96 1 60
58 41 58 26 65 66 32 26 17 75
52 26 52 89 52 70 43 62 70 29
58 53 99 43 61 13 59 55 85 54
13 43 42 52 57 57 50 56 42 69
52 62 85 81 61 68 61 65 56 66
25 84 77 73 27 77 58 61 28 41
56 52 95 53 56 56 76 56 53 56
16 55 32 61 61 15 64 14 61 16
55 52 23 54 54 64 55 64 84 54
67 53 52 62 87 62 52 52 62 62
54 52 50 48 94 54 54 53 9 61
57 88 8 62 59 84 53 52 62 62
1 53 15 39 5 39 49 67 54 40
50 54 47 52 52 50 56 52 56 83
52 84 57 80 60 84 90 52 1 52
72 9 60 10 58 56 53 66 60 54
95 90 55 52 89 5 97 52 88 90
54 89 89 89 52 52 54 56 69 85
23 80 40 52 82 80 82 75 81 4
52 73 12 70 49 99 54 5 64 64
81 62 64 66 62 21 52 20 53 20
67 57 22 59 54 57 87 87 17 56
53 63 53 1 65 83 61 2 56 61
