103 103 21 44 102 103 103 116 109 103
117 103 103 182 109 132 103 109 132 102
80 130 104 104 122 104 144 102 104 104
120 103 104 112 122 102 108 108 108 102
105 105 169 169 16 109 121 166 110 121
114 125 134 53 133 113 103 129 182 116
55 100 193 51 23 109 23 109 120 120
130 114 114 44 179 36 135 84 114 102
104 38 98 117 98 172 104 11 102 154
157 106 87 107 103 107 108 193 102 102
102 100 168 107 107 107 103 153 102 107
118 29 118 140 4 104 103 104 168 116
153 107 113 116 110 102 102 133 36 103
151 108 25 102 108 104 102 73 88 102
107 125 100 3 132 108 81 102 117 130
105 116 140 104 116 172 106 47 175 114
103 121 102 109 109 102 102 109 102 108
117 112 164 122 138 137 108 111 158 105
102 105 102 114 102 105 105 105 102 20
119 109 105 110 138 126 114 184 129 120
103 102 156 103 103 102 103 102 103 107
70 113 113 70 68 19 106 133 114 113
124 172 106 130 183 183 123 183 183 66
124 124 104 117 102 124 124 111 102 171
60 126 113 102 118 102 115 102 122 107
109 118 118 109 153 156 144 133 114 102
162 145 109 25 113 105 166 105 55 105
8 107 103 86 153 73 124 105 1 65
57 143 134 107 4 33 196 109 107 189
164 106 111 111 6 112 188 164 111 103
102 119 104 102 176 22 171 98 102 103
55 193 104 183 161 100 103 159 120 108
112 123 196 111 120 126 124 171 126 106
103 102 103 65 113 107 111 106 102 120
135 103 166 23 113 103 87 102 22 23
164 110 156 107 171 144 102 102 133 85
159 182 116 68 108 117 122 116 110 118
33 102 118 103 178 107 100 102 103 116
104 107 107 25 106 102 151 100 6 159
96 103 105 115 107 168 103 128 107 119
166 56 34 13 105 104 105 152 166 147
102 130 102 102 71 102 102 103 148 102
102 113 62 140 102 29 131 102 68 94
48 93 109 47 110 110 4 106 168 112
104 125 105 178 125 127 165 94 8 191
108 166 103 18 40 38 27 102 43 177
42 113 131 102 116 113 113 129 118 102
121 141 20 183 95 19 37 112 102 29
54 122 114 105 127 1 112 141 188 103
39 139 131 104 75 128 128 83 115 149
104 123 103 107 125 13 138 105 107 138
105 27 104 113 115 155 109 124 102 105
103 106 1 102 104 168 104 106 105 168
144 144 16 103 104 102 22 78 103 102
110 41 114 106 110 94 102 110 102 81
102 103 19 102 142 115 128 155 103 110
106 102 137 134 124 80 134 105 90 91
103 135 103 102 108 109 28 139 102 103
105 96 102 102 102 102 132 102 120 41
117 57 120 97 175 117 107 168 118 97
159 152 109 113 141 195 112 113 106 114
87 119 73 117 106 102 107 102 105 106
138 120 109 136 133 108 104 104 104 108
147 103 117 111 127 126 4 39 105 27
110 104 103 110 187 117 174 197 104 165
105 47 102 47 2 158 115 104 104 46
60 106 102 173 117 193 92 110 106 46
150 125 49 155 63 109 128 128 127 128
55 102 161 122 135 105 104 97 122 104
164 124 103 11 112 35 103 124 134 144
102 103 151 11 102 17 108 125 109 187
112 102 112 112 112 100 105 112 105 143
108 88 108 41 105 117 187 116 118 91
141 180 77 12 113 78 63 52 152 119
113 104 116 130 137 158 114 111 112 116
102 28 111 122 121 120 149 170 102 131
58 106 102 136 114 122 102 102 103 104
103 102 172 111 146 127 122 111 103 117
106 145 106 109 106 102 135 102 131 131
103 105 142 58 124 105 175 167 51 36
102 195 189 128 127 102 103 138 48 102
66 126 105 143 139 106 104 96 120 102
104 106 106 106 44 110 107 44 110 44
162 122 104 122 120 140 110 116 120 113
157 133 180 152 163 119 103 34 106 66
144 102 149 45 111 111 161 107 84 120
123 38 194 118 126 161 148 114 114 135
196 109 130 109 105 109 160 105 195 12
122 102 102 102 61 68 112 106 103 68
75 111 182 118 110 196 135 18 61 153
118 102 166 112 113 116 112 116 114 110
115 142 104 105 163 163 115 115 109 179
102 102 102 63 102 53 102 102 102 176
1 165 106 103 102 103 33 118 110 103
167 107 155 108 102 77 125 108 132 127
110 131 177 112 88 104 107 112 108 106
102 102 102 109 109 165 136 105 109 109
110 105 130 103 102 33 135 112 107 108
104 104 128 172 104 126 102 126 102 117
126 112 126 88 100 100 100 100 106 106
