45 52 58 87 41 93 8 93 52 53
27 60 60 61 96 95 55 47 54 55
70 48 57 57 53 54 77 62 54 57
16 62 79 68 14 67 37 9 36 37
67 55 63 53 34 69 64 58 58 58
97 56 79 76 54 76 4 90 56 57
75 86 52 61 52 48 63 13 52 52
52 55 25 52 53 95 65 71 53 71
70 21 87 95 62 4 56 74 54 61
53 55 59 53 54 83 38 89 31 23
88 14 91 60 58 95 56 58 58 57
61 4 82 68 52 99 99 78 73 60
53 53 25 54 60 55 53 60 53 60
55 54 55 55 75 55 64 62 53 1
50 98 3 53 80 55 82 52 14 59
18 63 58 53 16 14 54 54 52 14
59 86 74 92 97 95 52 75 26 59
70 59 53 11 53 10 84 53 52 53
53 61 33 62 92 57 57 83 57 57
4 91 67 65 13 9 67 67 67 13
36 57 53 72 53 55 91 85 50 56
27 53 15 86 57 53 59 35 98 79
56 97 41 53 72 91 78 56 56 78
53 56 53 55 88 50 1 53 52 58
60 93 54 54 53 59 32 53 53 89
76 24 90 74 54 60 60 65 65 68
99 98 54 52 4 91 54 99 54 48
52 56 1 72 19 42 50 1 2 55
52 66 50 50 26 93 45 73 53 52
91 52 4 61 53 72 83 66 63 69
19 16 52 44 52 90 62 2 70 26
53 55 54 53 44 55 87 87 62 54
52 65 74 1 37 52 54 61 53 53
60 15 52 66 50 42 50 70 78 82
58 23 84 52 56 52 56 52 94 56
53 53 80 65 34 60 55 52 55 52
55 55 48 57 52 49 55 57 75 95
87 81 68 68 68 7 65 86 52 99
72 47 52 58 64 73 83 68 63 99
53 68 54 32 53 53 54 68 74 52
52 46 1 21 53 68 95 1 68 62
60 57 63 55 63 20 52 63 74 82
57 54 29 50 58 79 63 5 66 29
15 64 53 64 47 70 52 49 38 30
63 11 60 13 63 67 84 63 61 69
64 53 53 54 52 64 64 54 53 64
55 10 79 83 45 96 77 77 48 52
77 49 50 52 6 53 48 50 44 77
75 15 52 52 52 87 18 52 38 52
11 98 60 61 78 1 69 1 27 66
62 52 52 48 52 53 62 53 66 67
46 71 45 56 47 79 54 96 96 72
55 55 52 52 55 82 82 90 60 74
69 16 63 52 78 11 63 56 52 63
61 71 66 52 62 1 70 35 65 52
54 60 55 60 5 60 10 53 60 96
71 52 63 52 71 72 58 60 53 57
52 65 55 68 63 52 55 1 56 63
67 54 1 58 36 60 53 56 71 7
53 65 60 65 52 4 71 54 53 60
65 65 55 59 2 59 52 27 54 55
68 54 90 59 60 19 63 19 70 53
79 58 61 54 54 53 58 75 58 52
63 57 63 63 53 54 54 34 57 94
99 61 73 46 66 30 55 61 46 59
25 54 91 15 50 85 38 67 48 14
61 50 58 78 55 92 56 78 54 63
18 42 7 28 98 60 53 63 60 96
69 85 63 79 32 13 40 95 59 40
1 96 88 56 57 78 54 62 79 52
52 53 54 40 53 64 52 69 53 53
57 52 20 72 52 33 72 76 52 72
65 99 60 76 69 21 54 50 76 49
52 58 52 52 52 53 53 55 62 14
61 66 95 72 84 31 52 59 84 62
83 58 58 32 59 58 58 54 28 57
91 54 52 39 69 52 77 72 63 18
81 50 54 54 81 50 30 12 94 50
61 6 79 64 41 70 75 72 44 61
90 40 56 57 55 56 90 86 73 70
64 57 35 60 39 70 57 70 17 58
54 62 54 54 26 26 75 6 54 70
62 62 61 69 79 59 68 59 52 54
76 53 76 52 52 43 64 91 13 59
17 30 12 53 7 30 65 54 64 57
56 83 80 17 74 54 52 56 55 56
57 97 65 8 53 54 57 68 52 57
86 75 81 75 55 56 66 98 56 66
59 63 50 84 59 56 76 39 62 63
56 9 57 52 2 73 57 57 83 76
85 53 58 53 57 22 61 52 92 79
63 53 11 52 73 65 73 52 25 52
52 5 52 87 87 52 87 53 87 5
55 60 26 15 95 6 63 52 76 57
8 59 8 68 50 50 53 68 99 68
52 27 61 52 96 73 96 53 42 54
65 61 76 80 7 72 60 35 65 78
53 67 58 52 57 58 58 52 58 52
57 69 60 53 15 57 61 52 69 52
52 53 59 52 41 60 60 60 93 53
