52 55
54 55 59 73 81 93 99
54 57 61 70 79 83 87 90
59 63 76
55 56 57 58 59 60 62 64 67 68
55 56 57 60 64 67


83 91
52 72 79 81 84
54 63 65 74 78
52 53 56 58 61 62 65 67 78 81 82
58 62 66 69 73
55 61 65 71
52 56 58 61 64 66 67 76 84 89 98
84
56 60 63 68 70 72 77 88 90
53 57 61 62 65 66 70
52 53 54 55 56 58 59 61 69 70
52 78
52
54 70 75 91 94
55 88 98
83
52 77
52 53 57 60 61 70 73 76 78 79 85 92
52 54 55 56 57 58 59 60 62 64 66 67 68 72 74
54 66
55 59 65 75 79 93 94

57 61 64 75 81
52 53 54 58 59 61 62 63 65 66

52 54 58 59 60 63 67
76 78 79 89
56 57 58 63 79

53 54 58 61 62 63 64 65 70
52 59 73 75 83
52 53 54 55 57 61 63 67 69 71 75 76 79 80
53
54 79 95 98
64 65 67 73 77 81 82 84 87
52 53 63 68 78 79

56 79
53
54 58 63 70 83
53 54 56 57 58 60 67
54 92
70 99
55 59 61 62 71 72 73 74 77 83 85
56 58 59 61 68 74 75 85 93
54 55 56 57 58 62 66 69 72 79 81
52 53 55 62 63 64 65 68 69

52 55 59 63 64 67 69 84 87 93
52 53 67 72 74
54 56 76 81
62 63 67 69
52 53 57
54 56
53 57 60 71 72 74 80 85 95 98
56 60 75 77 84 87 96
56 59 68 88
53 55 57 66 71 75 84 85 87 96
54 56 58 74 91
52 54 55 56 60 61 64 69 72 73 80
53 57 59 63 68 69 81 84 87
55 58 59 62 63 66 68 70 88 92
53 55 56 57 58 59 65 68 75
52 58 60 69
53 54 60 61 63 64 65 74 82 85 89 90
65 92
53 57 62 63 70 72 78 95
70 80 95
60 66 68
58 60 61 65
52 54 58 61 70

53 57 79 84 85
61 63 75 77 88 90 93 97
54 61 84 88
56 61
61
54 56 64 68

52 54 55 56 57 61 63 65 66 75
62 63 72

52 56 62 63 67
52 53 57 61 63 65 68 74 78 81
52 53 54 56 57 58 62 66 69 70
58 95
52 54 55 58 61 62 64 65
81 82
54 70
53 62 64 69 71 73 89 92 94
52 53 56 71 87
60 65 77 95
