103 107 128 139 150
106 108 111 112 113 126 128 169 175 181 187
107 109 110 112 113 116 121 131
107 116 120 127 142 144 146 157 174 179 186 199
102 105 106 107 113 114 116 118 121 123 127 130 138 142 147 151 157 162 164
102 103 109 114 116 126 132 134 136 142 143 144 164 174 187 191 192 198
103 111 114 116 123 132 133 146 149 159 163 165 181 196
102 104 105 106 109 110 114 122 123 126 131 142 152 153 161 164 170 172 173 189 190
102 104 105 109 111 112 114 115 116 117 118 120 121 123 124 131 133 136 144 152 153
105 107 108 110 111 119 121 136 143
103 104 107 108 109 111 112 113 131 143
103
170 193
103 116 121 123 132 138 141 152 163
102 103 106 107 114 132 135 137 144 157 175 182

103 109 120 123 126 132 137 172 176 178 186 189 191 193 198
103 107 110 111 134 167
102 105 116 143
102 105 108 113 115 116 117 124 128 137 161 189
102 104 105 107 116 123 134 137 138
104 109 112 122 128 132 133 138 140 143 152 154 156 160 161 163 165 185 190
105 107 108 109 111 112 116 118 122 125 128 131 136 137
102 104 105 109 110 111 112 116 120 129 131 138 148 149 154 159 160 175 188 198
107 108 109 134 143 158
112 114 116 121 122 127 129 145 160 187 189
102 111 113 118 126 130 137 140 145 147 155 163 177 178 180 183 188 192 195 199
103 106
103 111 118 119 120 122 123 129 134 135 140 150 154 171 175
102 103 104 112 113 115 118 124 128 149
102 105 107 112 118 119 120 121 122 128 136 140 142 145 183 185 193
104 117 118 119 120 125 126 129 130 143 152 157 159 166 169 174 184 194 196
102 103 110 121 122 124 129 138 139 152 162 185
117 125 138 154 155 158 167 194
110 112 113 114 130 141 151 159 160 165 170 171 172 184
104 106 109 111 169 182 192 193
102 104 105 106 109 112 115 118 119 134 140 154 170 188
115 116 146
104 106 110 115 124 129 133
103 107 117 119 122 125 129 135 155 156 165
105 106 115 116 119 120 123 124 125 126 133 144 152 154 158 166 167 172 175 178 181 184 187
102 104 106 107 109 113 118 121 123 127 132 136
105 107 116 117 124 131 153 164 168 184
138 141
102 106 107 108 109 110 111 112 117 119 121 126 128 129 137 147 149 152
102 105 107 112 113 115 116 117 130 135 137 144 177 185 196
105 108 113 117 122 136 150 158 177 198 199
103 106 109 110 111 118 120 127 135 145 152 157 164 166 167
110 117 119 125 132 135 150 157 158 173 194 198
103 108 112 113 116 121 134 137 143 147 155 156 161 162 179 182 184 185 189 197
104 105 108 116 118 125 138 143 151 157 176 178 184 198
135 137
103 104 109 117 121 124 130 131 138 140 145 151 152 158 165 171 182 185 189 190
109 142 144 152 167 181 193
106 107 119 153 154
105 107 110 112 116
148 165 168 184
104 105 111 113 115 119 121 131 133 143 150 162 165 182
106 110 129 138 139 142 153 154 156 179
102 104 105 107 108 114 115 117 120 125 128 132 155 159 165 168 189
144 171 174
102 104 110 112 114 116 120 124 126 129 132 133 135 136 139 140 143 159 170 171 178
105 110 119 123 124 127 132 136 144 145 155 165 177
105 111 117 121 130 136 146 149 154 165 177 178
102 109 115 116 117 118 119 120 122 125 129
102 104 109 121 122 134 145 150 162 165 170 191
104 105 113 114 132 139 159
103 104 118
154 181
102 104 106 110 113 114 115 117 123 125 126 128 129 130 131 153 165 175
105 110 111 112 115 116 117 120 123 136 140 143 149 154 159 171 177 180
104 105 106 113 114 121 125 126 128 132 139 143 145 149 153 185 186
103 104 114 116 118 120 123 129 135 136 143 153 154 158 159 164 171 173 177 187 191 197 198
103 106 107 108 111 118 130 133 138 145 149 150 164 182 183
103 104 105 123 143 158 172
102 108 110 128 132 151 153 158 168 177 184 185
102 104 106 108 109 110 112 123 125 128 130 133 146 147 148 150 154 158 164 169 170 177 181 188 193 197
127 132 141
102 143 150
102 107 113 116 121 123 129 130 138 141 151 154 158 180 187 189 190 197
107 108 111 118 126 137 138 160 174
102 103 105 119 127 134 135 136
102 107 109 110 112 115 123 130 146
106 110 125 133 151 152 156 181 186 198
102 105 113 115 118 119 122 125 126 130 141 149 150 162 166 177 184 193
106 122 125 147 151 195
106 110 117 137 153 156 163 166 177
102 107 113 121 126 131 164 176 188 189 193 197
103 106 107 110 111 112 113 117 120 123 124 129 130 134 160 166 178
104 108 113 118 142 143 168 179
109 115 139 152 154 173 179 180
102 103 105 110 122 132 136 164 170
102 103 104 105 109 110 112 113 114 116 117 124 126 127 128 141 144 147 148 151 157 163
102 103 105 106 114 123 134
104
105 106 109 110 111 113 119 120 130 133 150 156
115 195
102 105 107 108 109 110 113 114 118 121 125 126 129 140 144 145
104 110 115 127 139 164
105 110 112 116 120 124 134 135 145 149 156 170 173 178 190 199
