413 420 460 485 496 551 573 593
334 376 525 587
357 373 420 430 445 478 490 508 549 573
325 434 470 482 490
391 394 544
431 499 592
361 413 458 463 490
321 325 421 487 589
482 515 531 536 550 593
317 323 331 339 349 363 368 383 396 398 400 434 463 579
380 498 520
345 438 453 459 501 538
348 458 484 492 527 591
378 424 469 580 591
314 325 326 332 526 529 557
321 348 400 469 491 501 511
314 345 349 350 404 407 419 449 468 477 591 594
370 383 537 540 548 570 571
312 317 329 346 378 388 472 477 514
326 327 420 460 461 521 524 596
431 524 534 540
419 490 504 566 577

319 320 324 335 390 423 473 494 531 554 570 597
312 316 324 346 370 413 445 516 532 538 572
325 387 390 504 517 568 572 598
383 405 497 513
535 566 598
432 445 510 562 593
457 468 478
403 414 531 563
339 357 362 364 433 527 572 576 583
340 418 503 546 575 595


341 344 401 507 533
411 428 515
312 455 542
564
440 503 504 522 554
434 460 472 545 573
310 321 340 429 435 513 528 536 587
374 377 483 548
347 389 410 514
344 467 541 553 555 561 564
356 448 567
335 343 376 381 519
498 500 534 536 543 588
424 482
481 506 570
336 377 584
333 356 373 424 457 483 567
342 363
445 507
348 372 418
380 426 484 553
363 413 547
334 365 446 451 506 510 518 593
302 309 348 369 397 453 525 530
409 524 580 584
427 452 473 512 524
311 419 427 452 496
360 431 433 485 531 570
350 353 451 505 525 540 565
311 312 315 324 332 356 376 444 451 489 511 576
420 439 456 465 487 574
453 476 490 534 575
367 388 480 567
305 311 320 331 336 381 515 535 579 584
469 484 523 576
390 451 485 509
468 482 540 548 594

322 386 424 429 477
344 418 438 538
388 429 452 460 462 544 577 579
395 544 562 592
338 375 423 501 528

316 461 504 514 547
430 481 530 571
324 444 459 461 564 591 594 596
425 441 456 477 495 513 531 537 551 584 590
522 561 563 572 578 580
358 399 411 425 435 596
503 519 523 525 554
334 361 510
355 501 540 545 558
371 422 429 467


424 456 481 535 541
363 366 389 436 542
386 418 527
305 346 359 412 414 473 474
449
431 441 442 466 503
353 367 381 394 539
378 386
441 518 554 571 592
