304 307 339 346 380 392 400 413 445 487 495 507 521 535 536
302 303 304 306 308 309 310 311 312 313 314 315 316 317 320 327 328 332 335 336 337 344 350 358 367 375 379 385 389 423 463 464
302 311 315 318 321 322 323 325 327 330 331 333 336 337 344 350 351 352 360 365 366 370 376 378 383 386 389 397 398 411 419 425 428 435 439 444 456 464 469 475 483 486 506 508 521 538 545 581
302 306 311 312 317 320 337 348 360 364 368 369 381 407 440 443 451 452 462 479 483 511 551 558 577 589
302 303 307 309 317 327 336 337 338 349 350 351 357 361 378 380 383 386 389 390 396 402 413 421 438 448 462 479
534 543
307 308 310 312 317 323 329 336 338 342 345 346 352 363 365 373 378 398 403 414 419 422 427 429 438 441 442 443 450 452 466 469 478 499 502 506 514 528 534 554 556 559 560 574 589 595
304 309 313 321 323 340 341 367 379 385 388 394 404 415 419 443 451 465 470 565 588
302 312 330
310 316 319 320 324 325 327 329 342 346 347 350 366 375 379 390 394 396 397 398 405 408 411 416 418 423 426 442 443 445 452 456 460 464 469 476 500 504 513 516 524 525 526 528 535 541
303 315 316 338 349 407 408 538 547
310 312 313 315 317 318 321 323 324 330 333 334 335 338 348 350 356 359 360 374 380 387 392 398 410 417 418 420 429 430 432 438 442 452 461 475 480 498
302 306 309 314 315 318 319 322 323 330 345 346 350 370 379 387 403 416 428 430 447 453 459 464
303 309 321 347 357 402 421 426 443 454 503 524 559 561 598

307 308 312 325 326 330 343 350 353 356 363 369 371 372 378 380 406 411 414 427 429 440 504
306 308 310 312 314 320 321 331 334 340 341 342 351 353 354 356 357 363 369 375 377 392 393 394 413 421 425 427 438 439 459 465 469 481 483 525 534 565 588 590
302 304 305 306 312 319 325 361 362 370 379 381 403 407 432 437 464 474 498 511 520 534 538 541 569 574
302 304 311 312 315 317 322 323 348 355 361 364 373 401 406 417 420 433 446 492 499 510 518 531 538 540 546 548 550 568 569 571 577 586 592
306 317 318 321 333 334 353 357 364 380 409 433 497 515 521 540 597
302 303 305 312 313 315 322 324 331 333 334 339 346 358 363 364 367 368 382 385 386 393 398 403 405 410 413 414 421 433 448 451 515
302 307 308 311 324 328 329 331 334 340 358 361 365 380 390 402 407 445 447 462 499 542 557 567
328 336 340 377 425 430 438 453 475 494 513 529 562
302 304 308 309 311 314 318 319 320 323 324 326 329 332 337 339 340 343 344 346 348 353 354 355 356 359 361 365 369 384 390 394 397 405 410 413 414 420 431 439 443 455 461 466 474 480
304 305 308 309 316 317 327 330 331 332 334 335 336 337 338 342 343 344 345 348 352 354 356 358 361 364 365 375 382 391 396 399 406 409 411 430 450 462 469 471 482 496 513 519
302 306 307 308 313 316 326 328 334 340 369 398 412 413 447 449
302 310 322 329 353 451 511 568
302 305 308 312 318 321 325 326 327 329 330 343 345 353 360 364 369 370 372 378 389 403 406 468 470 491 521 536 543 571 576
303 306 311 312 316 324 337 339 406 411 450 451 471 524 538 578
304 308 310 311 313 333 337 350 357 383 391 405 443 458 468 485 490 499 502 558 559 560 585 587 592
302 303 304 307 308 309 312 315 317 320 322 323 324 325 326 331 332 333 334 335 337 338 342 355 356 357 363 365 366 369 370 371 377 382 386 389 394 399 400 403 404 418 422 423 426 444 448 449 454 456 484 496 507 510 521 546
302 305 307 308 309 311 312 317 320 323 324 325 327 328 329 330 333 334 335 339 341 343 345 348 350 358 366 369 371 374 380 382 384 388 403 410 415 416 417 420 440 451 457
302 304 305 308 309 311 312 318 334 339 341 346 358 360 363 367 370 371 373 376 404 406 421 428 429 433 436 437 441 472 475 484 507 524 535 537 539 553 558 561
306 309 313 323 324 334 349 367 371 372 377 384 386 391 402 403 417 431 440 449 459 465 495 511 554 573
302 304 305 308 309 313 314 316 317 318 321 330 331 336 344 366 376 388 399 406 414 415 430 431 441 452 459 462 475 494 506 567 568 575 580 582 586
302 304 306 309 310 311 313 316 317 318 319 320 321 322 323 328 330 333 334 356 357 361 365 371 377 378 382 383 392 404 454 459 508 510
305 328 336 349 358 367 368 376 379 390 391 392 437 459 464 467 512
306 338 339 341 373 389 390 392 454 498 574
302 303 304 305 306 307 308 311 312 313 324 329 330 331 337 340 341 344
302 304 306 307 310 315 322 324 333 343 361 364 372 373 377 387 389 390 393 401 403 405 442 481 484 498 507 516 517 575 587 591
302 303 305 307 311 313 315 319 321 322 323 325 329 331 340 344 348 355 364 388 398 409 410 413 426 440 448 451 480 509 546 550 552 580
322 335 339 344 345 356 386 389 396 417 426 434 441 473 475 513 524
303 304 308 309 316 318 320 321 322 324 330 336 339 343 352 365 367 371 373 379 389 391 392 395 400 407 409 410 442 449 461 473 507 516
306 317 320 335 345 349 354 366 371 375 387 402 403 415 418 421 426 443 445 454 458 463 508 548 565 574
303 304 305 306 307 308 311 312 316 317 318 319 327 334 342 356
303 304 305 306 309 316 320 324 326 336 357 364 374 375 382 400 405 406 409 420 440 454 455 459 460 462 475 513 539 572
304 305 310 311 315 321 322 325 326 328 332 334 341 343 344 347 350 355 357 366 383 391 392 395 398 421 452 571
313 314 319 336 423 430 515 532 546
302 304 308 311 317 318 319 320 322 323 328 329 331 337 346 347 352 353 354 360 361 371 386 389 391 396 416 417 418 428 433 436 441 460 473 474 485 486 487 498 500 501 513 535 536 542 562 578 583
303 304 305 326 332 335 340 347 428 434 463 508 553
302 309 310 311 312 313 314 315 317 320 324 336 339 342 345 347 348 350 354 355 363 370 371 380 390 396 398 410 411 412
323 324 339 372 408 433 483 560
302 304 306 307 308 309 310 311 313 314 316 317 318 321 322 323 325 327 329 332 336 337 351 355 357 359 363 365 366 371 372 373 374 378 394 396 398 406 415 447 451
306 307 323 330 335 343 349 351 357 379 381 383 386 393 420 421 430 444 451 458 479 481 499 507 530 546 580
303 310 321 323 326 329 330 332 334 339 352 357 363 365 368 380 387 390 393 397 399 405 415 418 422 429 435 436 472 473 476 477 515
302 303 310 317 318 320 323 326 334 340 345 354 361 362 364 369 370 375 377 378 380 390 393 394 418 431 446 454 459 468 472 485 488 494 498
307 311 323 326 329 332 334 335 343 344 350 353 373 381 383 393 394 416 448 459 487 493 509 514 518 519 528 535 537 541 545 569 573
302 305 309 310 312 315 320 332 333 346 354 371 387 400 449 488 533 574
302 303 307 309 314 317 320 321 326 333 346 426 481
304 309 311 316 319 329 336 343 350 364 370 374 421 424 486 492 520 539 575
304 311 314 315 321 327 329 330 349 369 390 391 394 429 457 494 500 522 572 591
363 371 395 415 435 442 520 546 558
303 304 306 310 317 322 330 332 341 350 351 361 362 364 365 369 375 382 383 388 395 398 408 417 434 445 450 454 457 458 462 471 484 516 518
302 306 308 319 320 322 325 327 333 336 345 349 350 351 362 368 369 373 378 381 397 404 410 418 419 424 443 453 458 494 500 502 503 515 517 521 528 529 535 574
305 306 307 308 320 331 344 350 351 359 383 415 442 448 450 460 483 546
302 308 311 312 314 317 323 326 327 334 338 347 356 358
302 305 306 308 318 322 324 327 333 335 351 355 359 371 372 378 383 387 390 391 394 402 405 409 425 435 442 447 454 461 489 502 510 549 556
306 314 327 330 343 346 353 357 359 362 365 367 368 373 374 384 385 386 401 402 408 412 416 420 425 428 430 436 439 444 451 452 453 477 486 491 506 525 545 551 560 562 582 589 598
302 303 304 306
302 307 308 318 319 320 326 334 337 344 351 363 368 404 419 447 467 512 517 530 543 571
307 310 311 315 323 324 325 328 331 333 334 338 342 343 349 350 351 360 361 362 365 366 373 375 380 381 382 388 390 393 401 402 406 407 411 415 419 422 425 433 438 440 447 451 453 457 470 472 476 479 485 487 505 518 520 525 537 543 571 588
306 312 321 329 332 341 343 350 357 369 371 386 411 421 427 443 455 465 484 542 549
330 331 333 340 354 361 375 412
325 345 356 361 365 403 424 446 460 483 488 501 525 578
316 360 384 395 396 405 451 502
306 316 358 359 372 442 465 525
307 309 311 312 323 333 336 338 340 345 350 357 358 360 370 371 372 374 388 394 402 404 423 429 453 456 472
303 311 315 318 319 322 323 329 331 334 347 354 387 393 398 404 408 420 423 430 433 439 448 467 471 483 489 516 575
302 309 323 324 325 327 329 333 334 340 342 347 351 362 366 373 374 375 389 394 399 400 407 420 435 437 438 450 458 461 475 492 494 496 497 504 512 522 528 538 553 571
302 304 306 308 311 313 314 322 324 335 344 347 352 382 387 389 394 417 424 431 477 517 518
303 304 305 306 307 308 309 311 313 317 322 328 329 332 336 339 343 347 350 358 376 391 399 413 418 458 479 494 511 570 591 592
302 303 304 305 307 308 311 314 315 317 320 327 345 349 356 358 359 374 376 386 394 395 399 418 441 446 455 460 473 478 480 482 483 490 491 495 497 498 503 513 533 541 548 549 571 593
302 303 309 312 315 316 318 319 327 330 331 332 336 339 348 369 373 379 393 403 405 406 412 422 430 481
302 303 305 306 312 316 331 332 334 350 369 379 434 435 446 448 455 500 507 532
302 308 311 319 323 325 328 332 336 340 342 343 345 347 348 354 356 357 359 364 372 378 380 383 384 386 391 395 396 406 409 411 413 429 433 436 437 443 449 454 457 460 462 464 469 470 471 473 476 477 486 489 502 507 514 519 529 547 548 569
302 303 304 306 308 311 312 314 315 325 327 329 334 335 337 338 341 342 346 348 350 366 369 370 395 398 403 407 464 473
304 309 323 329 347 359 400 415 478 491
305 309 315 326 330 333 338 341 342 347 348 351 361 366 367 368 376 378 382 385 387 388 391 393 394 396 397 398 404 406 410 423 425 443 445 465 499 500
302 303 304 305 306 308 310 312 320 326 329 332 340 348 359 380 385 393 471
389 400 419 438
312 317 321 341 349 351 359 367 371 384 421 434 481 482 502 536
305 307 311 328 333 344 350 352 372 382 404 420 424 429 450 451 474 549 558
302 303 304 305 306 307 308 309 312 314 315 317 318 321 323 324 326 329 332 334 336 337 352
302 303 306 311 320 321 325 327 332 334 336 337 339 343 354 355 357 359 368 371 372 373 374 381 382 384 385 388 393 395 396 397 400 402 409 412 416 417 434 451 457 468 474 556
302 303 304 305 306 308 309 315 319 320 321 324 331 335 337 338 341 348 367 384 408 443 459 477 500 530 564 586
302 303 304 305 306 307 312 313 316 318 320 321 322 352 358 361 365 371 405 411 415 422 423 437 464 468 479 499
307 308 323 328 353 373 381 419 420 432 452 477 504 507 517 529
303 304 306 308 309 311 312 315 319 320 322 334 348 380 381 386 387 389 392 397 413 440 476 478 536 551 558 562
313 321 409 430 530 590
302 305 307 308 312 313 314 318 320 323 326 327 328 332 337 342 349 353 354 359 361 364 365 366 367 368 374 378 385 393 395 397 422 423 434 449 520 522
