132 187 192
153 162 174 178
116 193 194

108 114 143 150
119 128 163 167
180 193 198
156 160 181 199
117 156 160 189
129 131 144 151 155

113 119 140 148 160
153 154 193
133 140 141 144 155

164 188 191 193

107 135 154 160 192 195 196



113 116 194 199
134 164 172 176 185
125 127 135 148 152 165




149 159 178 181


124 140 175

130 139
111 122 158 194 195
119 141 172

121 123 155 181 196
106 109 110 112 131 144 197
123 140 161 176 196
134 138 141 150
160 161 189 191
131 153 171 191
117 120 187
148
152 163 187 188
129 142 144
136 137 142 186 196
136 146 173
120 130 132

145 163 172
114 149 163 188 189 195
113 148 159 163
121 133 141
149 153 169
138 143 157 165



160 184

103 152 162
112 115 170
135 162
114 116 146 154 156 195
109 111 114 149 159 172 190 192



126 127 149

115
134 150 154 161
106 130

114 123 129 184 194
148 177
111

138

127 138 160 193
119 129
157 167 186
116 122 161 188
130 139 192 198
125 127 138 167
136 150 174
114 115 135
116 122 125 129 155

148 175 187 192
116 140 144 188




165
113 124 151 157 190
