

193 194

143 150
128 163 167


160 189
151 155

113 119 140 148 160
154 193


188 191 193

192 196




164 172 185
135 165




178 181


175

139
122 158 194 195
172

123 155 181 196
106 109 110 112 131 144 197
123 140 161
138 150
189 191
171 191
120 187
148
187 188

142 186 196
146 173
120 130 132

163 172
189
113 159
141

157 165





162
115 170
162
116 156
114 190 192



126 149


150 154 161
130

114 129 194
177
111

138

127 193
129
157 167 186
122 161 188
198
167
174
135
116 122 125 155

187 192





165
151 157 190
