52
55 59 73 99
54 61 70 79 83 87 90
59 63 76
55 56 57 58 59 60 62 67 68
55 56 60 64



72 81 84
54 63 65 74 78
52 53 56 58 61 62 65 67 78
58 62 66 69 73
55 61 71
52 56 58 61 64 66 67

56 60 63 68 70
53 57 61 62 65 66
52 53 54 55 56 59 69
78
52
70
55

52
52 53 57 60 61 70 73 76 78 79
55 56 57 58 59 60 62 64 66 68

59 65 93 94

57 61 64 75 81
52 53 54 58 62 63

52 54 58 59 60 63
76 78 79 89
57 79

53 54 58 61 62 63 64 65 70
52 59 73 75 83
52 53 54 55 57 61 69 71 75
53
54 79 95 98
64 65 67 73 77 81 82
52 53 63 68 78 79



54 58 63 70
53 54 57 58 60
92
99
55 59 61 62 71 74 77 83
58 59 61 68 74 75 85 93
54 55 56 57 72 79
52 53 55 62 65 68 69

59 64 67 69 84
52 53 67 72 74
54 56 81
63 67
52

53 57 60 71 72 74 85
56 60 75 87
56 88
53 55 57 66 75 85 96
54 56
52 54 55 56 60 61 64 69 80
53 57 59 63 68 69 81
55 58 59 62 68 88 92
53 55 56 57 58 59 65 68
52 58 60
53 54 60 61 63 64 65 74 85 89

53 62 63 70 72 78 95
80
60 66 68
58 60 61 65
52 54 58 61 70

53 57 85
61 63 75 77 90
54 61 84 88


54 56

52 54 55 56 61 63 65 75
63 72

52 56 62 63
52 53 57 61 63 65 68 74 78 81
53 54 56 57 58 62 66 70

52 54 55 58 61 62
82

53 62 69 73
52 56 87
65 77
