386 404 413 420 460 485 496 551 573 593
323 334 376 525 587
354 357 373 420 430 445 472 478 490 508 549 573
316 317 325 391 434 470 482 490
352 391 394 544
376 393 396 418 431 432 437 470 483 499 592
317 321 361 374 413 458 463 490
321 325 421 425 428 448 456 485 487 589
338 405 409 468 482 486 502 515 531 536 550 593
314 317 323 331 339 349 363 368 383 396 398 400 434 463 579
337 350 380 498 520
345 409 438 448 453 459 501 538
348 444 458 484 492 527 591
306 317 343 345 378 424 469 487 580 591
302 311 314 325 326 332 354 370 379 384 385 413 415 446 470 496 526 529 557
317 321 348 400 412 434 469 491 501 511
305 308 314 340 345 349 350 404 407 419 423 449 468 476 477 591 594
337 341 370 383 537 540 548 570 571
312 317 329 346 377 378 388 406 439 470 472 477 514 525
315 316 319 326 327 348 363 388 417 420 460 461 521 524 596
302 304 308 326 384 397 404 428 431 466 524 528 532 534 540 542
315 330 360 389 419 425 450 489 490 504 506 566 577

314 319 320 324 335 390 402 416 423 473 494 531 554 570 597
312 316 324 346 370 382 387 394 412 413 416 445 456 516 532 538 572
312 325 387 390 477 504 517 527 568 572 598
345 348 362 383 386 405 497 513
314 332 385 411 473 476 500 515 535 542 566 598
360 402 432 445 449 510 562 593
323 359 369 399 457 468 478
402 403 414 531 563
339 357 362 364 419 433 523 527 550 572 576 583
318 324 340 418 503 546 575 595


313 321 341 344 401 421 462 485 507 533
347 411 428 515
312 321 368 394 397 455 542
336 342 381 403 435 492 524 564
357 391 440 466 490 503 504 522 554
364 386 434 460 472 545 573
310 321 340 378 429 435 511 513 528 536 587
312 372 374 377 483 548
347 389 406 410 412 448 471 514
344 380 390 410 467 541 553 555 561 564
335 356 448 567
317 318 326 335 343 376 381 519
401 404 410 474 498 500 534 536 543 588
339 363 369 424 482
449 481 506 570
336 377 584
322 333 356 373 389 416 424 457 483 567
342 363
359 377 445 507
327 348 372 418
380 405 426 484 553
329 335 345 363 413 547
334 365 388 446 451 506 510 518 593
302 309 331 340 348 351 369 397 415 430 453 525 530
381 409 412 440 454 456 473 474 500 524 543 564 580 584 586
305 311 313 404 427 452 473 512 524
305 311 340 341 393 405 419 427 452 496
350 355 358 360 431 433 485 531 570
350 353 379 444 447 451 474 502 505 525 540 554 565
308 311 312 315 324 326 329 332 356 376 444 451 489 511 576
363 381 396 420 439 456 458 465 487 574
384 394 453 476 485 490 534 575
335 367 388 480 567
305 311 320 325 331 336 381 408 439 459 466 477 515 535 579 584
424 428 439 447 469 484 523 576
358 377 378 390 397 408 451 485 509
399 412 434 468 482 540 548 594

320 322 359 360 377 380 386 424 429 477
308 309 344 348 407 418 438 538
310 316 322 354 357 366 388 429 452 460 462 505 544 577 579
376 395 441 461 463 464 477 524 541 544 562 592
326 338 375 423 501 528
309 347 357
309 310 316 356 362 366 387 416 417 461 504 514 547
313 343 370 390 400 403 430 481 530 571
319 324 420 428 430 444 459 461 469 564 591 594 596
372 388 389 414 425 440 441 456 477 495 513 531 537 551 584 590
312 368 440 449 457 493 522 533 561 563 572 578 580
324 358 399 411 425 435 596
417 422 426 441 474 482 503 519 523 525 554
319 334 361 378 439 458 510 584 591
348 355 364 428 501 540 545 558
347 370 371 422 429 467


337 402 408 424 456 478 481 488 535 541
363 366 387 389 436 542
386 418 484 503 526 527
305 311 318 334 346 359 361 412 414 473 474
373 374 377 449 454
333 377 414 431 441 442 466 503
353 367 381 394 539
319 378 386
335 369 382 389 395 402 441 456 488 518 554 571 592
