304 307 339 346 367 380 392 400 411 413 429 445 487 495 507 521 535 536
302 303 304 306 308 309 310 311 312 313 314 315 316 317 320 327 328 332 335 336 337 344 350 352 358 361 367 374 375 379 385 386 389 404 423 442 452 453 463 464 487 492 495
302 311 315 318 321 322 323 325 327 330 331 333 336 337 344 350 351 352 358 359 360 365 366 370 376 378 383 386 389 397 398 411 419 425 428 433 435 439 444 453 456 464 469 475 483 486 506 508 514 516 517 520 521 526 538 545 581 596
302 305 306 311 312 317 319 320 337 339 348 351 352 360 364 368 369 381 407 440 443 451 452 454 462 479 483 511 518 551 558 577 589 591
302 303 305 307 309 317 321 327 329 336 337 338 349 350 351 357 361 364 374 378 380 381 383 386 389 390 392 396 402 412 413 421 426 438 446 448 450 462 479 492
321 427 464 534 543
307 308 310 312 317 323 329 336 338 342 345 346 352 363 364 365 373 378 398 403 414 419 422 427 429 438 441 442 443 450 452 466 469 478 499 502 506 514 528 534 536 551 554 556 559 560 574 589 595
304 309 313 321 323 340 341 367 375 379 385 388 394 404 415 419 425 443 451 465 470 565 588
302 305 312 319 330
310 316 319 320 324 325 327 329 342 346 347 350 366 368 375 377 379 390 394 396 397 398 405 408 411 416 418 423 426 435 442 443 445 448 452 456 460 464 469 471 476 487 500 503 504 513 516 517 522 524 525 526 527 528 531 533 535 540 541 548 549 551 559 562 565 584 591 593 594 596
303 304 315 316 337 338 349 351 365 366 401 407 408 419 427 472 538 547 579
310 312 313 315 317 318 321 323 324 330 333 334 335 338 348 350 351 356 359 360 374 376 380 381 387 392 398 410 412 417 418 420 429 430 432 438 440 442 452 461 475 480 496 498 504 531 545 567 578 590
302 303 306 309 314 315 318 319 322 323 330 341 345 346 350 355 370 372 379 387 403 405 416 428 430 438 447 453 459 464 478 484 490
303 309 316 321 347 357 402 421 424 426 443 454 503 524 559 561 598
305 509 511 521 538 540 551 553 561 566 589 594
307 308 312 325 326 330 339 340 342 343 344 350 353 356 363 369 371 372 378 379 380 388 394 406 411 414 427 429 432 434 440 444 445 450 474 504 507 524 531 543 560 568 583 584 587 594
306 308 310 312 314 320 321 331 334 340 341 342 351 353 354 356 357 363 369 375 377 388 392 393 394 410 413 421 425 427 435 438 439 442 458 459 465 466 469 474 481 483 500 505 525 534 536 542 559 560 565 582 588 590 594 598 599
302 304 305 306 307 312 315 319 320 325 342 346 360 361 362 370 379 381 403 407 411 432 434 437 458 464 474 477 496 498 511 520 534 538 541 569 574
302 304 311 312 315 316 317 321 322 323 348 355 361 364 370 372 373 387 401 406 417 420 433 445 446 454 467 475 492 496 499 505 510 518 529 531 538 540 546 548 550 568 569 571 577 586 592
303 304 306 317 318 321 323 333 334 353 357 364 380 388 398 409 410 433 442 455 497 515 521 540 597
302 303 305 312 313 315 322 324 331 333 334 339 346 358 363 364 367 368 382 385 386 390 393 398 403 405 410 413 414 421 433 436 448 451 458 467 487 508 515 529
302 307 308 311 324 328 329 331 334 340 358 361 365 374 379 380 384 390 402 404 407 409 413 429 430 445 447 462 477 499 504 541 542 557 567
328 336 340 377 425 430 438 453 475 494 513 529 562
302 304 308 309 311 314 318 319 320 323 324 326 329 332 334 337 338 339 340 343 344 346 348 353 354 355 356 359 361 365 369 384 389 390 394 397 405 410 413 414 420 426 431 435 439 443 449 455 461 466 473 474 480 486 518 523 535
304 305 308 309 316 317 327 330 331 332 334 335 336 337 338 342 343 344 345 348 352 354 355 356 358 361 364 365 375 379 382 391 396 398 399 406 409 411 412 430 450 462 469 471 475 482 490 491 496 497 506 513 514 519 543 571
302 306 307 308 313 316 326 328 332 334 335 339 340 369 398 402 404 406 412 413 419 425 447 449 466 487 508 542 547 567 597
302 310 314 322 329 348 353 365 391 413 418 426 433 451 473 511 519 531 543 547 551 563 565 567 568 571 578 591
302 305 308 312 318 321 325 326 327 329 330 333 342 343 345 353 360 364 369 370 372 378 389 393 403 406 414 422 431 466 468 470 478 486 489 491 506 521 536 543 544 571 576 582
303 306 311 312 316 324 337 339 406 411 450 451 471 524 538 578
304 308 310 311 313 333 337 350 357 383 391 405 409 443 458 468 485 490 499 502 558 559 560 577 585 587 592
302 303 304 307 308 309 312 315 317 320 322 323 324 325 326 331 332 333 334 335 337 338 341 342 355 356 357 363 365 366 369 370 371 377 378 382 386 389 394 399 400 403 404 418 422 423 425 426 429 434 444 448 449 454 456 461 462 464 467 477 480 484 488 496 502 507 510 511 514 519 521 522 531 535 546 549
302 305 307 308 309 311 312 317 320 323 324 325 327 328 329 330 333 334 335 339 341 343 345 348 350 351 358 364 366 369 371 374 376 379 380 382 384 387 388 390 403 410 415 416 417 420 429 440 441 451 457 478 515
302 304 305 308 309 311 312 318 334 339 341 342 346 358 360 363 367 370 371 373 376 404 406 421 428 429 433 436 437 441 472 475 482 484 496 507 524 535 537 539 553 558 561
306 309 313 323 324 334 349 367 371 372 377 384 386 388 391 400 402 403 417 420 431 438 440 442 449 459 465 468 471 488 495 511 521 534 546 553 554 563 568 569 573 590 594 596
302 304 305 308 309 313 314 316 317 318 321 323 330 331 336 344 347 366 371 374 376 379 388 399 406 414 415 430 431 434 441 452 459 462 465 475 494 504 506 513 534 567 568 575 579 580 582 586 595
302 304 306 309 310 311 313 316 317 318 319 320 321 322 323 328 329 330 333 334 339 356 357 359 361 365 371 375 377 378 382 383 388 392 404 405 418 421 433 442 445 447 454 459 478 488 508 510 588
305 328 336 349 358 367 368 376 379 390 391 392 402 423 437 450 459 464 467 512
302 304 306 315 318 336 338 339 341 373 389 390 392 419 454 459 464 498 513 551 574 576 582 588 596
302 303 304 305 306 307 308 309 311 312 313 315 318 324 329 330 331 337 340 341 344 350 351 369 371
302 304 306 307 310 315 318 322 324 333 342 343 345 361 364 372 373 377 387 389 390 392 393 401 403 405 416 419 442 456 481 484 498 507 516 517 534 575 584 586 587 591 592 597 599
302 303 305 307 311 313 315 319 321 322 323 325 329 331 333 340 344 348 355 356 361 364 386 388 390 395 398 409 410 413 426 440 448 451 480 509 531 546 550 552 564 580
312 314 322 324 326 335 339 344 345 356 386 389 396 417 418 426 427 434 441 473 475 513 524 534
303 304 308 309 316 318 320 321 322 324 330 336 339 341 343 352 365 367 371 373 379 389 391 392 395 399 400 402 407 409 410 442 449 451 461 468 472 473 507 516 544
306 317 320 335 345 349 354 366 371 375 387 402 403 415 418 421 426 443 445 454 458 463 466 487 498 508 526 548 565 574
303 304 305 306 307 308 311 312 313 316 317 318 319 320 322 327 328 331 333 334 342 343 346 348 353 356 361
303 304 305 306 309 316 320 324 326 336 357 364 374 375 382 385 386 400 405 406 409 418 420 440 445 454 455 459 460 462 473 475 502 513 539 572
304 305 309 310 311 315 321 322 325 326 328 332 334 341 343 344 346 347 350 355 357 366 383 390 391 392 395 398 407 413 419 421 443 452 460 475 507 515 520 525 538 539 553 556 571 587 593
303 313 314 319 336 339 397 414 423 430 515 532 546
302 304 308 311 317 318 319 320 322 323 328 329 331 337 346 347 352 353 354 360 361 371 386 389 391 396 400 416 417 418 428 433 436 441 460 473 474 485 486 487 498 500 501 513 533 535 536 542 562 578 583 596 599
303 304 305 326 332 335 340 347 384 393 428 434 463 500 501 508 553
302 309 310 311 312 313 314 315 317 320 324 336 339 342 344 345 347 348 350 354 355 362 363 370 371 380 390 395 396 398 403 404 410 411 412 416 424 432 441 443 445 472 475 501
323 324 339 372 388 408 415 433 478 483 556 560 571 593
302 304 306 307 308 309 310 311 313 314 316 317 318 320 321 322 323 325 327 329 332 336 337 347 351 355 357 358 359 363 365 366 371 372 373 374 378 379 390 393 394 396 398 403 406 415 427 429 435 447 451 462 472 482 502 536
306 307 323 330 335 343 349 351 357 359 379 381 383 386 393 411 420 421 430 444 451 458 474 478 479 481 499 507 509 517 530 538 546 571 580
303 304 310 321 323 326 329 330 332 334 339 347 352 357 363 365 368 380 383 387 390 393 397 399 400 405 415 418 422 429 435 436 451 461 472 473 476 477 515 529 538 542
302 303 310 317 318 320 323 326 334 335 340 345 354 361 362 364 369 370 375 377 378 380 384 388 390 393 394 418 422 424 431 446 454 459 460 468 472 485 488 494 498 512 520 532 542 561 563
307 311 323 326 329 332 334 335 343 344 350 353 373 381 383 390 393 394 416 448 459 487 493 501 509 511 514 518 519 520 528 535 537 538 541 545 569 573
302 305 309 310 312 315 320 332 333 334 346 354 371 387 400 449 488 518 533 574
302 303 307 309 314 317 320 321 326 330 333 339 346 352 357 378 426 445 452 481 492
304 309 311 316 319 329 333 336 338 343 350 353 364 370 373 374 421 424 465 486 492 501 520 539 575
304 307 311 314 315 321 327 329 330 332 349 353 364 369 370 390 391 394 408 429 443 449 457 494 500 517 522 543 566 572 591
324 363 371 384 395 415 425 435 442 450 520 537 546 558
303 304 306 310 317 322 330 332 341 350 351 361 362 364 365 367 369 375 382 383 388 395 398 408 417 420 427 428 434 439 445 450 454 457 458 462 465 469 471 484 501 504 516 518 523 530 534 536 562 581 582 590 598
302 306 308 319 320 322 325 327 333 336 337 345 349 350 351 362 368 369 373 378 381 395 397 404 410 418 419 424 443 453 458 465 486 494 500 502 503 515 516 517 521 523 528 529 535 565 574 595
305 306 307 308 317 320 325 331 341 343 344 350 351 359 371 381 383 392 401 415 442 448 450 460 463 471 480 483 531 546 557 577
302 308 311 312 314 317 323 326 327 330 334 338 347 356 357 358 359 377 441 460 490 493 515
302 305 306 308 318 322 324 327 333 335 351 355 359 371 372 378 383 387 390 391 394 402 405 408 409 419 425 432 435 442 447 454 455 461 469 489 490 502 510 515 541 549 554 556 562 567 569 574 577 579 589 590 595 598
306 314 327 330 343 346 353 357 359 362 365 367 368 373 374 384 385 386 391 401 402 408 412 416 420 425 428 430 433 436 439 444 451 452 453 469 477 486 487 491 501 506 515 523 525 527 538 541 545 551 560 562 582 589 598
302 303 304 306 311 313
302 307 308 313 318 319 320 324 326 334 337 344 351 355 358 363 368 404 407 419 447 449 456 467 512 517 523 528 530 543 571
307 310 311 315 323 324 325 328 331 333 334 338 342 343 349 350 351 360 361 362 365 366 373 375 380 381 382 388 390 393 401 402 406 407 411 415 419 422 425 428 433 438 440 447 451 453 457 463 470 472 476 479 485 487 505 518 520 525 536 537 543 571 588
306 312 321 322 329 332 341 343 350 357 369 371 386 408 411 421 427 441 443 455 465 470 484 542 549
330 331 333 340 354 361 375 412 467 547 549 562 570 578 584 597 599
317 325 345 356 361 365 403 424 446 460 483 488 501 525 578
314 315 316 360 384 395 396 405 415 433 451 454 475 498 502 503 517 541 552 573 578
306 316 350 358 359 372 442 465 525
307 309 311 312 323 329 333 336 338 340 342 345 349 350 357 358 360 363 370 371 372 374 381 387 388 394 402 404 423 429 453 456 472 491 522 564
303 311 315 318 319 322 323 329 331 334 347 350 354 387 388 393 398 404 408 420 423 430 433 439 448 467 471 483 489 516 551 560 562 575
302 309 323 324 325 327 329 333 334 340 342 347 351 362 365 366 373 374 375 389 394 399 400 407 419 420 431 435 437 438 439 450 453 458 461 463 471 472 475 476 487 490 492 494 496 497 501 504 512 513 517 519 522 528 538 539 549 550 553 558 571 578 580 581 584 587 590 592 599
302 304 306 308 311 313 314 322 324 335 336 344 347 352 363 382 387 388 389 394 417 424 431 444 452 467 468 472 477 482 490 517 518 523 529 540
303 304 305 306 307 308 309 311 313 317 322 325 328 329 332 335 336 339 343 347 350 351 358 376 388 391 399 413 418 430 436 441 449 458 479 494 506 511 570 591 592
302 303 304 305 307 308 311 314 315 317 320 327 331 345 349 356 358 359 374 376 386 394 395 399 406 418 441 446 455 460 463 465 473 476 478 480 482 483 490 491 495 497 498 503 506 513 533 541 548 549 571 593
302 303 309 312 315 316 318 319 327 328 330 331 332 336 339 341 346 348 354 369 373 379 386 393 403 405 406 412 415 420 422 430 432 444 481 493 500 530 559 568 575
302 303 305 306 312 316 331 332 334 350 369 375 379 384 407 434 435 446 448 455 482 500 507 509 532
302 308 311 319 323 325 328 332 336 340 342 343 345 347 348 354 356 357 359 364 372 378 380 383 384 386 391 395 396 406 409 411 413 429 433 436 437 441 443 449 454 457 460 462 464 469 470 471 473 476 477 486 489 490 492 502 507 508 514 519 529 539 547 548 551 553 563 564 569 576 583 593
302 303 304 306 308 311 312 314 315 318 325 327 329 332 334 335 337 338 341 342 344 346 347 348 350 353 366 369 370 373 384 395 398 403 406 407 426 427 431 439 442 453 457 464 470 473 477 486 547 569
304 309 311 323 324 329 336 347 359 370 400 415 478 491
305 309 311 315 326 330 333 338 341 342 347 348 351 359 361 366 367 368 376 378 382 385 387 388 391 393 394 396 397 398 404 406 409 410 416 423 424 425 443 445 455 465 473 486 487 499 500 575
302 303 304 305 306 308 310 312 320 326 329 332 340 348 353 354 355 359 378 380 385 393 441 471 501 527
314 340 355 370 374 375 389 400 419 430 438 456 516 576 579 590 593
312 317 321 333 341 349 351 359 364 367 371 372 384 421 434 449 481 482 502 505 536
305 307 311 324 328 333 334 344 346 350 352 366 372 382 404 416 420 424 429 450 451 474 549 558
302 303 304 305 306 307 308 309 310 312 314 315 317 318 321 323 324 326 327 329 332 334 336 337 340 352
302 303 306 311 320 321 325 327 332 334 336 337 339 343 354 355 357 359 368 371 372 373 374 375 381 382 383 384 385 388 391 393 395 396 397 399 400 402 409 412 415 416 417 434 447 451 457 458 468 471 474 482 489 496 525 554 556 571
302 303 304 305 306 308 309 315 319 320 321 324 331 335 337 338 341 348 367 384 408 443 459 477 500 530 564 586
302 303 304 305 306 307 310 312 313 316 318 319 320 321 322 325 329 330 332 337 352 358 361 365 371 380 405 411 415 422 423 427 429 437 445 464 467 468 479 485 499 501
302 307 308 317 323 328 335 344 353 372 373 381 419 420 432 437 452 456 477 504 507 517 529
303 304 306 308 309 311 312 315 316 319 320 322 324 334 339 348 353 361 365 380 381 386 387 389 392 396 397 413 415 436 440 474 475 476 478 503 510 536 549 551 558 562
304 311 313 321 378 409 430 459 469 472 478 487 497 528 530 572 579 588 590
302 305 307 308 312 313 314 318 320 323 326 327 328 332 337 342 349 353 354 357 359 361 364 365 366 367 368 372 374 378 385 393 395 397 401 422 423 434 449 454 479 480 499 520 522
