103 107 150
106 108 111 112 126 128 169 175 181
107 109 110 112 113 116 131
107 120 127 142 144 146 157 179 186 199
102 105 106 107 113 114 116 118 121 123 138 142 147 151 162
102 103 114 116 126 134 142 164 174
103 114 116 123 132 133 146 149 165 181 196
102 104 105 106 109 110 114 122 123 126 131 142 152 153 161 164 170 172 173
102 104 105 109 111 112 114 115 116 117 118 120 121 123 124 133 136 144
105 107 108 110 111 119 136 143
103 104 107 108 109 112 113 143


103 116 121 123 132 138 141 152
102 103 106 107 114 132 135 137 144 175 182

103 109 120 123 126 132 137 176 189 191 193 198
103 110 111 167
102 116
102 105 108 113 115 116
102 104 105 123
104 109 112 122 128 132 133 138 140 154
105 107 108 109 111 112 118 122 125 131 136
102 105 109 110 111 112 116 129 131 138 149 175
107 108 109 134 143 158
112 114 116 121 122 127 129 187
102 111 113 118 126 130 137 140 145 147 163 183
103 106
103 111 118 119 120 122 123 129 134 154
102 103 104 112 113 115 118 124 128
102 105 107 112 118 119 120 121 128 140 142 145 183 185
104 117 118 120 126 129 130 143 159 169
102 103 110 121 122 124 129 152 162 185
117 125 138 158
110 112 113 114 130 141 151 159 160 165 170 171 172 184
109 111 169 182
102 104 105 106 119 134 170

104 106 110 115
103 107 117 119 122 125 129 155 156 165
105 106 115 116 119 120 123 124 125 126 133 144 152 154 158 166 167 172 175 178
102 104 106 107 109 113 118 121 123 132
105 107 116 124 131 153 184

102 106 107 108 109 110 111 112 117 119 121 129 137 152
102 105 107 112 113 116 117 130 135 144 177
105 108 113 122 136 150 158 198 199
103 106 109 110 111 118 120 135 145 152 157 164
110 117 119 125 132 135 150 157 158 173 194 198
103 108 116 121 134 137 143 147 155 161 179 182
104 105 116 118 125 151 157 184 198
135
103 104 109 117 121 124 130 138 140 145 151 152 158 165 182 189 190
109 142 144 181 193
106
105 107 110 116
148 165 168 184
104 105 111 113 115 119 121 133 143 150 165
106 110 129 138 139 142 153 154 156 179
102 104 105 108 114 115 117 120 125 128 132 159 168
144
102 104 110 112 114 116 120 124 126 129 132 135 136
105 110 119 123 124 127 132 145
105 111 117 121 130 136 146 149 154 165 178
102 115 116 117 118 120 125
102 104 109 122 134 145 165 170 191
104 105 114 159
104 118
154
102 104 106 110 114 115 117 123 125 129 153
105 110 111 112 116 117 123 136 140 149 154 177
104 105 106 113 114 121 125 126 128 139 143 145 185
103 104 114 116 118 120 129 135 136 153 154 158 159 187
103 106 107 108 111 118 130 133 138 145 149 150 164 182 183
103 104 105 143 158 172
102 108 110 128 151 153 158 177 185
102 104 106 108 109 110 112 123 125 128 130 133 146 147 148 150 158 164 169 181
127 132 141
150
102 107 113 116 121 123 129 130 138 141 151 154 158 180 187 189 197
107 108 111 118 126 137 138 174
102 103 105 119 127 135
102 107 109 112 123 146
106 110 125 151 152 156 186 198
102 105 113 115 119 122 125 126 130 141 149 177
106 122 125
106 110 117 137 153 163 166 177
102 107 113 121 126 131 164 176 189 193 197
103 106 107 110 111 112 113 117 120 123 124 129 130 134 160
104 113 179
139 152 154 179
102 103 105 122 132 136 170
102 103 104 105 109 110 112 113 114 117 124 126 127 128 141 147
103 105 106 114 123

105 106 109 110 111 113 119 120 133 150
115
102 105 107 108 109 110 113 118 125 126 129 140 144
104 110 127 139 164
105 110 112 116 120 134 135 145 149
