55 58 70 75 90 94
62 67 70 71 73 75 80 83 88 89 97
81
56 61 76 92
80
52 54 55 57 58 59 60 64 68
58
71 80
52 54 55 56 57
54 55 60 62 65 68 72 73 77 78 83 86 95
92
55 56 57 58 59 60 65 66 67 69 70 71 75 91
54 55 56 57 58 65 68 69 73 74 77 88
52 53 54 63 69 71 74 77 87 90
52 53 80 86
53 60 72 74 97
52 63 78 88
53 56 57 58 59 61 64 68 71 74 81 82
56 58 63 67 74 75 78 79 80 85 92 96 99
54 97
53 68 77 78 97
53 55 67 73 74 78
61 76 82 99
55 56 59 61 63 67 69 72 77 82 83 84 85 87
52 53 55 56 58 59 61 66 69
54 62 75
53 54 57 61 62 65 66
52 53 55 60 61 72 73 79 87 91 92
53 54
52 53 54 55 56 59 60 63 68 69
70
73 76
76 90 95 99
54 56 57 65 66 67 74 77 79 84 89 96 97
54 62
52 68 77 78 84 89 90 96 97 98
52 53 54 55 56 57 66 75
52 61 62 64 67 69 70 75 78 79
53
57 58 64 69 89
53 55 61 74 83
52 55 56 58 67 69
64 72 85 89 98
53 58 63 68 70 72 73 74 80 86 88 89 90 95

71 72
66 68 98
52 53 57 58 60 61 66 67 71 72 75 77 81
71 75
53 58 62 64 69 72 74 75 77 84 85 87
60 63 74 76 81 92
58 60 78 97 98

53 58 59 69 70 71 79 90
54 56 67 69 81 82 84 91 97 98 99
63 64 67 68 70 72 76 78 86 94 98
53 54 60 62 63 64 66 67 69 73 81 82
54 61 67 69 77 83
55 58 60 65 69 76 77 78 87 88 90 94 99
53 56 60 70 72 73 82
55 66 68 69 71
59 63 68 69 79 85 86 91 94 97
54 57
53 55 56 60 61 66 68 69 73 74 76 86
68 79
52 54 56 57 60 66 97
53 60 63 88

73 79 82 92
57 59 62 66 67 72 76 78 79 81 98
52 53 55 56 57 60
60 93 95 97
52
60
52 53 55 61 64 65 67 70 72 74 81
52 54 55 57 60 61 63 64 67 69 71 72 79
59 63 65 66 68 69 79 85 87 88 89
52 54 55 56 59 60 63 65
52 53 54 55 57 58 59 66 67
56 59 66 72 74
52 54 57 59 60 61 63 69 70 74 76 78 82 90
54 58 69 73 74 81

69
56 57 63 64 65 66 67 69 70 80
53 57 59 63 66 68 70 71 72 73 84
53 54 60 61 64 65 67 79 80 82
86
52 53
52 53 54 61 62 64 66 69 70 71 72 75 82 89 90
52 54 55 58 59 62 65 66 84
52 54 55 63 65 66 67 72 75 89 96
85
52 53 65 69 73 79 81 82 90 93
52 58 59 67 86 87 98
52 54 55 56 60 61 63 64 65 69 70
53 61 68 84 86
75

52 53 56 57 58 60
