55 58 70 75 90 94
62 67 70 71 73 75 83 88 97
81
56 61 76 92

52 54 55 57 58 59 60 68
58
80
52 54 55 57
54 55 60 62 65 72 73 77 78 83
92
55 56 57 58 59 60 65 66 67 69 71
54 55 56 57 58 65 68 69 73 74 77
52 53 54 63 69 71 74 77 87 90
52 53 80 86
60 72 74 97
52 63 78 88
53 56 57 58 59 61 64 68 71 81 82
56 58 63 67 74 75 78 92
97
53 68 77 78 97
53 67 73 74 78
61 76 82 99
55 56 59 61 63 67 69 72 82 84
52 53 55 56 58 59 61 66
54 62 75
53 54 57 61 62
52 53 55 60 61 72 73 79 87 91 92
53 54
52 53 54 55 56 59 60 68 69


76 90 95 99
54 56 57 65 66 67 74 79
54 62
52 68 77 78 84 89 90 96 97 98
52 53 54 55 56
52 61 62 64 67 69 70 75 78 79

64 69 89
53 55 61 74 83
52 55 56 58
64 72 85 89 98
53 58 63 70 72 73 74 80


66 68 98
52 53 57 58 60 61 66 67 71 72 75 77

53 58 62 64 69 74 75 84 85
63 74 76 81 92
58 60 78 97 98

53 58 59 69 70 71 79 90
54 56 67 69 81 82 84 91 97 98 99
63 64 67 68 72 78 94
53 54 60 62 63 64 67 69 73 81 82
54 61 67 69 77 83
55 58 60 65 69 76 77 78
53 56 60 70 72 73 82
55 69 71
59 63 68 69 79 85 91 94 97
57
53 55 56 60 61 68 69

52 54 56 57 60 66 97
60 63 88

73 79 82 92
57 59 62 66 67 72 78
52 53 55 56
60 93 95 97
52
60
52 53 55 61 64 65 67 72 74 81
52 54 55 57 60 61 63
59 63 65 66 69 79 85
52 54 56 59 60 63 65
52 53 54 55 57 58
56 59 66 72 74
52 54 57 59 60 61 63 69 70 78
54 58 69 73 74 81


56 57 63 64 65 66 67 70 80
53 57 59 63 66 68 70 71 72 73 84
53 54 60 61 64 65 67 79 80 82

52
52 53 54 61 62 64 66 69 71 72 82 89
52 54 55 58 59 62 65 66 84
52 54 55 63 65 66 67 72 75 89 96

52 53 65 69 73 79 81 82 90 93
58 59 67 86 87 98
52 54 55 56 60 61 64 69
53 61 68 84 86


52 53 56 58
