38
32
25 26 27 29


25 26 28 31 33
22
23 26 28 30 33 34 36
25 31 39

22 24 27 28 31 35 39
22
34 37
22 30 33 37
29 32 39
35

31 34 35

25 26 29 30 36
22 24 25 31
26 36

23


31 38
22 24

22 23
32
25 26
22 35

22

25 30 37 38

22
22 24

22 24 26 27 28
27 29 39
30
29
23 24 28
22 23 26 29 36 39
39
23 24 26 30
22 23 24 28 32 36
22 25 29 32 33 38
29 32 38
26 29 30 35 36
26 27 36



22 26 27 32
23 24 26 27 32 33
28 36
23 28 33 39
31
22 24 28 29
23 26 29 30
22 24 26
22 24 32
22 24
25 27 28 31
24

24 25 30 35 37
25 32 34
26 28
26 32 34 37

38

27 30 35
22 23 25 28
33
24 28 29 31 36

26 28 29
31
30 37
24 26 32

23 24 25 26 33
26 29
22 28 34 37

22 25 26 27 32
23 24 30 31 34 38



25 26 27 28 29 30
26 38 39
25 30 38
29 31 32 36
