71

59 71 81

55 57 59 65 81
54 58 77 80
58 65 77 87 97 98


58 69 91
52
93

59
58
66
52 53 56 59
52 59 61 64 66 69 72 80 89 91
88
52 54 63 65 67 70 75 79
54 57 62 67 68 71 72 84 85 91
55 59 66 80 91
89
53 54 56 61 63 64 65 66 69 77
52 54 59 66 67 94
52 53

70
52 55 56 57 59 60 65 68 73
83
52 53 55 56 57 58 60
52 75 83 93 98
54 58 60 61 68 72 76 83 86 92
57 77
57 90


55 89 98 99
56 94
56 58 59 61 62 65 66 67 70 75
59 69 89

52 54 55 56 59 60 72 73
61 72 82 89 93 94
69 73 78 79 84 90 92
53 56 57 60 61 67 68 69
52 53 54 56 57

52 53 54
52 54 59 62 66 75 77 79 93
52 56 66 72 75 88 91 95
60 68 74
58 59 61 62 70 72 74 81
52 57 58 63 66 68 73 75 79
52 53 54 55 56 57 59 61 62 64 72 82
82 88

59 83 94
52 54 78 91 97
52 53 55 57 58 59
53 55 62 63 64 68 75 82 85 87
55 56 57 58 60 61 63 70 85
58 59 87
58 83

53 54 56 64 85 86
91
52 58 64 65 68 69 72 77 90 91 94 95
53 57 59 62 65 69 71 73 79 80 82 91
56 57 61 66 70 78 92
54 59 60 61 63 66 67 70 76
52 54 55 56 58 62 68 72
52 53 54 55 57 58 60 65 72 76
52 53 55 58 59 62 67 70
66 77

76 84 97
64 73 87 90 95
99
61 65 86 89
52 56 57 63 66 77 89
57 61 62 72 78 81 96
89 95
56 57 59 60 61 63
52 53 59 61 63 73 76 78 84 87 97
65 72 75 77 81 83 89 93 99
52 67 68 87
53 67 68 69 74
61 90

52 53 54 55 57 58 64 68 69 74
55 57 62 84 85

53 59 70 87 89
60 81
52
52 54 57 59 60
52 55 56 58 60 61 64 70 71 72 74 76 77 82
68 92
58 75 94
