303 324 346 364 409 419 454 517 569 578
302 303 304 305 306 309 310 311 313 316 319 321 324 326 328 329 333 336 339 345 351
313 319 320 324 329 332 345 354 358 361 368 371 373 383 384 386 389 393 404 410 416 417 418 419 420 423 428 430 431 439 442 447 449 470 472 474 485 496 498 507 511 512 513 528 534 538 547 548 582 585
303 312 314 322 326 344 349 358 373 381 396 398 400 404 417 427 448 449 450 480 498 519 520 523 543 551 555 556 585 599
302 303 305 306 308 320 321 323 324 326 327 339 340 341 344 347 349 354 363 373 374 380 391 396 398 399 400 408 410 412 416 420 425 426 430 433 457 465 475 485 490 495 500 516 521 522 523 531 550 582
302 303 305 306 308 310 311 316 318 319 323 325 326 332 334 339 342 343 347 348 356 358 363 365 368 370 371 379 380 382 387 390 399 400 401 405 406 407 412 414 419 434 446 459 460 472 477 497 499 500 508 511 518 519 523 526 529 542 551 555 556 564 577
302 303 305
360 373 475 497 540 554
302 303 304 305 306 307 309 310 311 313 314 315 316 317 320 321 324 325 327 328 335 337 340 347 356 372
302 328 339 402 403 404 422 424 437 448 457 466 467 487 515 558 576 595
302 305 309 310 312 313 314 316 318 319 320 321 322 323 324 325 326 329 331 332 333 335 338 341 342 343 345 346 352 355 365 366 369 370 371 372 373 374 376 378 379 390 406 408 410 412 413 421 422 423 424 428 434 441 444 450 464 468 475 477 479 491 496
311 315 325 332 339 343 348 409 419 444 462 505 557 578
302 303 304 309 313 317 318 319 323 324 331 332 336 337 341 342 344 345 347 350 372 373 376 378 386 390 396 398 404 405 407 410 417 418 422 425 428 432 433 436 442 448 451 452 459 465 466 467 474 480 486 488 489 492 495 500 507 510 527 532 537 540 542 548 556 560 564
302 321 326 328 364 365 366 367 373 422 444 448 470 490 531 550 557 576 596
302 304 307 317 329 331 334 336 352 353 359 360 369 372 375 396 414 415 421 424 439 450 460 463 469 471 480 483 484 489 491 501 507 516 519 523 528 538 542 557 560 561 562 583 589 599
304 305 307 308 309 310 312 358 412 441 446 494 553
330 502 541 592
302 304 305 309 312 317 320 321 328 329 333 334 341 350 363 364 370 373 380 384 385 389 395 398 399 404 410 412 434 436 441 446 456 469 475 482 488 502 504 505 517 526 536 539 548 553 556 575 577 578
306 309 311 314 317 320 327 333 335 336 337 341 344 345 346 347 348 350 353 354 355 357 359 360 362 364 368 369 370 372 374 388 394 395 403 406 408 409 410 416 418 424 433 435 452 463 465 479 489 495 498 501 508 515 517 523 525 528 552
304 305 307 310 312 314 379 386 413 438 466 536
390 423 492 535 536 554 570 575 582

302 304 305 309 326 329 337 342 343 348 353 357 362 364 365 372 378 379 386 389 393 406 408 425 427 429 440 442 448 450 452 457 459 466 477 480 484 502 504 508 517 521 522 526 530 542 543 568 574 576 579 580 581 582
319 320 325 326 329 333 335 338 340 345 348 350 351 353 361 365 366 367 371 377 380 381 392 393 395 399 400 402 407 408 409 413 422 429 431 432 434 437 440 441 442 445 449 450 451 454 456 457 463 481 483 485 486 489 492 496 500 504 507 511 513 518 520 536 569
306 307 310 312 313 318 321 324 327 333 334 335 336 337 338 339 343 344 345 349 350 355 356 360 362 364 365 373 376 382 385 391 393 396 397 398 403 405 406 407 411 413 417 428 439 462 463 464 468 473 478 487 494 495 519 534 537 575 583
380 396 423 425 431 443 451 464 472 477 500 507 537 539 542 549 550 567
319 335 365 384 391 395 475 584
309 320 334 341 353 360 442 535 543 577
302 304 306 307 322 325 329 332 333 335 337 342 349 355 357 362 363 364 380 385 387 392 399 403 408 417 420 423 430 431 433 435 442 444 445 447 448 449 455 457 461 466 471 472 475 479 481 483 492 493 503 514 524 531 535 537 565 567 582 583 586
394 455 482 483 550 561
303 304 305 306 308 310 311 312 313 315 319 320 321 322 323 324 326 327 329 330 337 338 348 351 356 367
324 352 508 552 584 598
307 308 314 320 324 342 343 348 356 431 560
390 453 460 463 564
315 347 443 492 501
302 303 304 305 306 309 311 313 314 315 317 318 319 321 322 323 325 326 328 329 330 331 332 334 336 338 339 343 346 348 350 352 357 363 365 367 368 370 374 377 386 389 391 392 393 401 404 408 411 414 437 441
305 306 311 312 313 337 343 367 397 404 463 468 521 547 562
470 482 581
302 303 311 313 315 317 318 320 325 326 329 330 332 333 334 336 337 339 340 341 345 346 348 349 350 351 353 357 361 362 363 377 379 382 385 390 392 393 395 402 404 405 410 412 417 422 423 424 435 438 440 442 451 459 463 464 466 470 471 472 481 486 489 530 534
360 366 394 422 425 435 447 561
303 318 326 327 342 343 345 348 349 354 365 370 374 391 393 407 418 436 440 447 451 456 497 500 503 519 527 528 540 545 553 555 563 567 570 572 581 582 585 587 588 593 594
302 303 305 313 351 406 411 414 429 431 443 447 448 456 506 507 524 532 534 552 560 572 592 595 598
302 303 304 305 306 308 309 313 315 319 325 328
305 310 351 355 374 380 395 417 430 474 502 519 595
303 305 433 467 521 526 545
307 314 315 340 347 380 388 401 426 478 489 503 510 526 578 591 596 599
307 310 311 325 331 340 354 426 434 448 451 502 513 514 550 575 584
304 305 316 321 329 337 338 344 347 350 354 360 364 366 374 375 377 381 382 384 389 393 400 401 412 413 418 421 424 428 434 436 440 453 456 474 485 487 490 494 510 520 522 529 538 541 547 548 551 553 560 570
302 309 373 375 405 423 430 433 477 482 483 485 486 503 545 560 586 588
302 303 304 306 319 321 325 329 337 339 341 342 347 359 363 368 371 375 380 382 394 395 399 405 407 424 430 436 437 443 444 449 452 453 459 466 477 479 481 483 487 490 497 506 510 521 533 540 553 559 564 566 568 593 595 597
306 307 308 314 321 328 334 346 400 401 423 442 444 446 459 463 478 483 496 503 531 533 547
483 493 520 527 564 582
303 306 312 358 367 426 477 484 526 540 568
315 316 325 326 501 526 574 594
303 304 325 330 342 348 444 453 461 478 486 495 501 515 524 588 592
302 304 305 309 316 318 338 339 372 431 507 508 534
302 303 304 306 307 308 309 310 312 313 314 315 317 322 328 330 332 333 335 337 338 340 342 343 345 348 356 357 361 365 373 376 377 389 397 398 401 404 406 407 410 417 420 423 436 437 451 509 511
302 303 304 307 311 314 320 322 326 327 329 335 337 342 345 346 348 349 352 356 364 369 371 373 380 385 386 387 392 393 394 396 397 401 405 408 409 410 411 425 430 431 432 433 437 439 443 445 447 455 457 462 466 470 473 480 482 483 484 485 486 494 500 502 504 521 523 526 552
308 313 320 366 377 442 452 483 598
307 308 312 319 336 342 360 361 390 447 475 512 518 520
308 312 323 457 465 482 581 585
303 305 318 320 326 414 449 481 565
305 370 377 425 426 458 472 488 496 499 564
303 307 308 314 318 321 327 356 359 375 442 462 513 551 577
302 303 304 305 306 311 318 320
307 310 315 327 329 335 340 348 350 354 357 363 367 369 373 374 377 379 381 391 400 412 415 419 424 436 438 443 444 455 462 473 476 479 483 487 494 496 505 506 515 519 524 531 533 546 557 558 559 562 569 573 579 581 589 590 597
307 310 315 327 335 342 343 347 350 351 352 355 359 366 375 392 399 403 409 410 412 423 429 432 435 461 462 466 467 477 486 489 490 492 493 502 504 510 528 532 533 544 549 579 591
304 307 309 316 317 319 321 323 328 329 330 331 332 335 337 338 341 347 348 350 353 356 357 359 364 369 373 376 378 380 381 383 384 389 390 393 394 397 409 411 413 414 421 423 425 429 437 447 451 455 458 461 462 464 479 484 498 516 524 530 535 547 551 552 553
380 383 533 567 595
302 304 305 307 312 317 319 320 322 325 326 328 330 331 334 338 340 341 348 349 350 359 361 362 363 364 367 368 370 371 373 386 387 391 392 394 400 404 419 420 430 433 437 441 450 454 460 466 468 474 479 480 490 491 495 503 506 507 509 513 516 524 533 536 572 574 579 582
303 310 328 344 408 419 433 453 485 503 509 550 565
304 308 312 313 321 325 328 329 333 334 336 338 340 341 358 360 362 364 366 367 369 371 373 378 379 383 384 386 388 389 390 396 400 401 408 413 416 420 429 434 436 437 438 440 441 444 452 453 455 460 462 468 474 477 503 505 509 511 512 526 533 548 567 571
354 387 460
389 433
411 468
302 303 304 305 307 308 310 311 312 313 314 315 317 318 319 323 324 325 326 327 329 330 332 334 336 337 341 342 346 348 351 357 358 359 374 388 396 408
318 354 360 366 524 529 542
306 367 443 500 527
302 303 309 311 314 316 320 321 325 333 335 339 347 357 358 362 366 370 371 375 377 382 383 384 385 388 390 394 395 397 409 411 413 429 431 437 438 448 453 456 458 464 467 470 473 474 481 504 509 525 526 537 538 547 560 566 572
304 315 336 402
306 309 317 322 326 336 344 357 359 361 364 370 372 375 382 383 397 404 408 417 419 426 428 446 447 451 453 460 461 462 466 472 477 481 483 485 486 489 502 504 508 526 542 543 555 558 567 569 570 593
305 313 335 558
302 305 306 307 308 312 317 318 332 334
318 328 331 338 355 366 369 388 404 406 408 417 435 437 439 441 444 461 472 486 489 493 516 540 551 572 573 598
302 304 305 308 313 316 317 318 319 320 321 323 325 327 334 336 339 344 345 346 348 351 352 353 358 361 362 363 366 368 369 370 375 381 382 385 388 395 396 398 399 401 414 415 417 419 429 430 432 435 439 445 454 468 495 534 542
306 332 340 346 348 373 489 497 516 553 557 568
307 314 318 349 378 407 408 537
302 303 307 331 340 366 384 403 423 428 443 463 472 484 491 507 532 546 548 549 561 573 594
302 304 305 307 309 316 317 329 331 333 351 354 361 368 377 386 394 397 457 461 472 496 522 542 567 576 582 592
302 306 308 316 317 320 321 328 330 339 340 341 344 348 350 356 360 362 374 380 382 384 385 388 404 406 408 410 412 413 429 430 433 438 446 451 452 455 458 462 463 464 471 475 488 497 504 506 523 530 544 547 560 562 573 574
302 303 311 319 328 334 341 342 345 347 348 349 353 360 361 362 368 371 375 377 378 382 387 404 405 410 411 413 419 421 423 431 434 438 440 448 456 477 495 501 509 511 524 553 555 558 566 574 580
306 307 311 327 364 442 445 460 463 560
303 310 315 365 367 373 381 382 384 399 428 429 433 503 509 521 528 532 537 554 562 566 570 587 597
343 344 490
304 307 311 314 324 327 329 332 349 355 357 361 362 366 378 390 391 405 417 423 425 435 439 448 449 461 475 480 483 492 494 500 501 509 517 519 522 526 528 532 536 543 547 557 558 561 567 573 588 597
323 334 339 350 352 382 391 420 425 446 468 488 507 552 553 555 558 560 593 595 599
302 305 306 307 308 309 310 311 312 313 316 319 320 321 322 327 328 330 334 339 341 343 347 351 355 358
324 335 336 414 502 532 533 591
312 315 319 329 337 340 341 350 354 359 361 365 366 375 376 377 381 384 387 397 408 412 415 416 417 421 424 430 433 435 443 449 454 466 473 478 479 487 493 496 500 501 505 515 523 530 531 535 539 543 554 562
303 304 309 328 341 348 376 377 387 410 421 423 460 465 466 486 491 523 530 539 540 558 574 577
