484 542 552 593
324 339 366 535 568 587
306 308 310 323 334 392 415 449 534 545
317 322 458 490 546
338 348 350 438 461 462
388 441 454 455 508

386 416 482 499 549
350 389 391 407 408 415 453 486 489 499 534 586
408 414 495
349 379 440 490 544
501 517 596
349 422 496 514 520
314 326 340 347 374 384 511 532 533 536 550 560
512 516 521 590
467
397 439 444 495 522 591
305 311 331 332 340 343 378 457 524 536 587
448 473 493
359 488 549 568 576
337 338 346 389 437 499 508 521 538 590
367 425 447 517
324 376 491 495 539 550 590
386 405 447 478 479 534
337 345 359 484 595
353 403 560 582
411 444 499 500 511 527 538 575
513
316 333 403 407 415 504
321 446 453 494 586 598
324 363 468 491 495 546 569
336 358 389 466 505 507 527 549
373 472
348 352 361 375 385 405 586
357 484
315 436 499 503 531 545 594
450 476 503 516 525 530 553
491 535 563 596
352 395 396 435 447 577 599
369 409 443 527 583
463 468 493 547 563 581
422 433 440 449 467 503 595
307 309 393 429 504 512
359 488
386 479 539 587
495 506 516 533 587 591
454 505 512 577 578 590 598
440 447 464 500
395 396 407 487
305 308 312 376 441 488 570 575
531 540 563 564 590 592
324 328 388 448 451 544 551 574
339 340 346 356 414 427 430 435 493 522 564 582
422 458 483 501 534 560 569 576 597
347 361 441 486 569 572 574 599
501 521 528 533 581
336 409 421 446 474 555 587
411 416 465 521 540
434 435 513 575 581
330 398 448 456 523 570 571
488 508 534 536 564 595
333 382 383 496
411 417

354 424 427 485 504
408 415 457 593
310 344 366 465 471 527 537 562
408 453 520 576
362 403 412 452 503 543 573
328 335 369 436 468 522 589

330 502 531 541 549 569 580 587
363 501 511 556 559 571
328 389 395 505 576
437 522 567 575
348 374 401 423 495 542
305 306 310 316 319 333 337 355 370 559
307 368 389 419 436 523 563
353 390 406 446 449 553
489 491 521 572
491 499 518 562 566 595
303 320 321 327 418 427 467 471 493 536 595
369 395 455 511
317 323 324 342 352 364 366 422 452 515

327 332 345 356 364 383 441 472 489 495 501 576
436 462 483 486 526 556
324 408 481 486
377 395 404 406 480 496 507 519 594
384 408 496 514 575
433 451 510 544 547
333 399 406 421 429 453 541 544 546
316 442 459 476 485 568 571
319 407 494 553 568 583 589
398 457 458 545 556
330 343 381 411 512
450 516 526 578 589
380 390 462
433 494 539 550 551
359 452 463 487 503
