374 390 394 397 416 417 467 484 490 513 539 542 552 593
324 328 333 339 366 385 443 450 487 490 497 535 562 568 587
306 308 310 323 334 375 384 392 415 438 449 534 537 545
317 322 337 353 360 379 438 458 490 546
338 348 350 438 461 462
363 383 388 441 454 455 508

365 386 395 416 476 482 499 521 549
350 359 379 389 391 407 408 415 453 486 489 499 534 586
368 380 398 403 408 414 495
316 349 371 375 379 406 440 490 544
380 440 455 501 517 596
349 375 422 449 496 514 520
303 309 314 326 340 347 374 384 394 404 410 415 420 423 433 469 511 532 533 536 550 560
358 366 435 493 512 516 521 590
360 403 467 478 484
375 382 397 439 444 457 460 495 522 591
305 311 331 332 340 343 352 378 379 383 404 457 524 536 587
341 342 359 363 448 473 493
359 390 408 439 472 488 493 549 568 576
322 325 337 338 346 353 375 389 437 467 485 499 505 508 521 538 590
331 367 410 425 447 450 472 475 481 517 590
324 376 443 449 491 495 539 550 590
364 366 386 390 391 405 432 447 478 479 534
306 327 337 345 359 484 595
353 378 403 418 497 508 539 560 582
327 401 411 444 499 500 511 527 538 575
344 513
316 333 386 403 407 415 504
309 321 327 389 421 426 446 453 481 494 586 598
324 360 363 437 443 468 491 495 546 569
322 336 358 389 403 466 480 505 507 527 549
319 373 472
348 352 361 375 385 405 586
325 357 484
305 315 358 364 370 401 408 436 494 499 503 531 545 575 578 594
351 402 432 450 467 476 503 516 525 530 553
363 380 397 441 444 459 491 492 535 563 596
311 316 343 352 395 396 435 447 577 599
314 318 337 352 362 369 390 409 443 527 583
390 447 463 468 484 493 547 563 581
373 384 392 422 433 440 449 467 503 595
307 309 374 393 429 504 512
359 488
375 377 383 386 424 479 539 587
304 324 343 386 440 453 485 486 495 506 516 533 587 591
314 364 369 407 454 469 504 505 512 577 578 590 598
306 330 338 340 424 440 447 464 500
365 375 395 396 407 487
305 308 312 353 376 441 480 488 570 575
325 331 337 352 391 511 521 531 532 540 557 563 564 590 592
312 313 324 325 328 371 388 434 448 451 474 544 551 574
314 339 340 346 356 370 403 414 427 430 435 493 522 564 582
305 326 377 393 418 422 430 458 483 501 534 560 569 576 597
347 361 407 415 427 441 442 449 462 463 471 486 548 569 572 574 599
308 309 397 409 444 457 488 501 521 528 533 581
309 315 333 336 409 421 446 474 555 587
331 401 411 416 465 521 540
359 364 366 406 428 434 435 513 575 581
330 352 398 405 410 440 448 456 523 570 571
402 413 430 459 488 508 534 536 564 595
333 382 383 496
377 387 411 417
375 389 436 437 473 486 489 513 524 538 541 559 560
317 352 354 398 424 427 485 504
318 368 382 386 391 404 408 415 457 593
306 310 344 366 400 414 426 465 471 527 537 562
375 379 408 432 447 453 520 576
362 377 403 412 452 503 543 573
323 328 335 357 369 380 426 436 468 522 589

307 330 362 433 471 473 488 502 518 531 541 549 569 580 587
335 345 363 368 407 417 455 475 501 511 556 559 571
303 320 323 328 348 389 392 395 405 505 576
326 379 437 471 483 493 509 522 567 575
348 374 401 423 495 542
305 306 310 316 319 333 337 350 355 370 378 380 536 558 559 574
306 307 338 368 389 395 405 419 431 436 523 563
353 390 406 446 449 553
454 469 489 491 521 572
353 377 445 462 491 499 509 510 518 558 562 566 595
303 306 308 320 321 327 402 412 418 426 427 467 471 493 536 595
350 353 369 395 455 511
306 308 309 317 323 324 342 352 364 366 392 422 447 452 482 515

317 327 332 345 356 364 383 441 472 489 495 501 576
367 377 387 402 436 462 483 486 526 556
324 359 408 481 486
345 352 356 377 388 395 404 406 480 496 507 519 594
337 362 364 384 403 408 496 514 575
338 383 433 451 510 544 547
309 333 374 379 390 399 406 421 429 453 541 544 546
310 316 376 386 442 449 459 476 485 568 571
319 344 350 407 476 482 494 553 555 568 583 589
359 398 421 443 457 458 545 556
323 330 343 381 411 512
414 450 466 467 500 514 516 526 578 589
339 361 380 390 462
417 433 465 494 499 517 519 539 550 551
359 452 463 487 503
