
130 160 175 181

121 145 192

132 134 138 139 176 177
189
111 160 162 164 196
106 127
126 129 136 152 186
117 148 150 197

138 174 197

128 141 142 160
121 138 152 172
106

147 179 180
110 114 116 128 192
110 112 113 120 129 132 142 148 159


137
142
108 118 162 170 184
120 125
137 168
122 144


143 144 164
141 148 158

123 144 192

174 180 184 194
134 148 180 190 192 197
168 186
137 148 149 155

126 128 130 156


106 108 111 118
117 123 124 127 150 166
180 185
141 145 157 180



126 146 155 183 184

182 186
109 118 119 120 150 197
158 186 194

128 134

143 173
125
116 123 150 158 164 165
159 176 180


111 120 133 153 162 190
131 136
128 138 179

151 163 173
134 190
124 168 178 187 190 192

147 188 198
129 138 164 189 194 196
136 139 140 171
157 198
117 133 194
120 123 170 189
149 182



112 177 182 189 195
115

122 144 171 191

135 142 191




164 179 184
109 141
148 171 172
115 142 158
128 130 133 146 154 169


