71
65
59 71 81

55 57 59 65 81
54 58 77 80
58 65 77 87 97 98


55 57 58 69 91
52
63 93
89
58 59
58
62 66
52 53 54 56 57 59 60
52 59 61 64 66 69 72 80 89 91
88
52 54 63 65 67 70 71 73 75 79 81 86 91
54 57 62 67 68 71 72 76 84 85 86 88 91 94 96
52 55 59 66 80 91
89
53 54 56 61 63 64 65 66 69 70 77
52 54 59 66 67 94
52 53

70
52 55 56 57 59 60 65 66 68 73 75 82 84
83
52 53 55 56 57 58 60 62 66 67
52 75 83 93 98
54 58 60 61 68 72 73 76 83 86 87 92 93
57 77
57 90
85
88 89
55 89 98 99
56 94
56 58 59 61 62 65 66 67 69 70 72 75 78 79 86
59 69 89
54 72
52 54 55 56 59 60 61 69 72 73 75
61 72 82 89 93 94
69 73 78 79 84 90 92
53 56 57 60 61 65 67 68 69 74 78
52 53 54 56 57 58

52 53 54 55
52 54 59 62 66 75 77 79 93
52 56 66 72 75 88 91 95
52 60 68 74
58 59 61 62 70 72 74 75 80 81 84
52 57 58 63 66 67 68 73 75 79 82 93
52 53 54 55 56 57 59 61 62 64 66 69 72 80 82 83
82 88
55
57 59 83 94
52 54 78 91 97
52 53 55 57 58 59
53 55 62 63 64 65 68 75 82 85 87 88 96 97
55 56 57 58 60 61 63 70 78 85 90
57 58 59 87
58 83

53 54 56 64 85 86
74 91
52 58 64 65 68 69 72 73 77 90 91 94 95 96 97 98
52 53 57 59 62 65 69 71 73 79 80 82 85 86 91
56 57 61 66 70 73 78 79 82 92 93
52 54 59 60 61 63 64 66 67 70 75 76
52 54 55 56 58 59 62 63 64 65 68 72
52 53 54 55 57 58 60 65 72 76 80 81
52 53 55 56 58 59 62 63 67 70 73
66 77

58 76 84 97
64 73 87 90 95
55 99
61 65 86 89
52 56 57 63 66 77 89
57 61 62 72 78 81 96
89 95
56 57 59 60 61 63 65 67 68 76
52 53 59 61 63 73 76 78 84 87 97
65 72 75 77 81 83 89 93 99
52 67 68 87
53 67 68 69 74
59 61 90

52 53 54 55 57 58 64 65 68 69 74 78 79
52 55 57 62 84 85

53 59 70 87 89
60 81
52
52 54 57 59 60
52 55 56 58 60 61 64 70 71 72 74 76 77 82 83
68 92
54 58 75 94
