111 113 119 125 147 152 154 168 188 196
103 104 114 115 116 122 124 125 128 130 132 137 138 140 141 143 148 149 153 166 174 179
181
105 106 113 115 126 129 137 141 149 162 168 169 182 185 193 194
138 161 166 180
106 115 129 132 174
103 107 125
103 104 105 107 108 109 110 111 115 116 117 118 120 128 134 139 155 163 164 168
107 109
102 103 115 126 130 136 145 147 150 159 164 166 182 186 190 192 196 197
118
107 129 139 158 166 181 187
104 107 108 110 111 112 113 118 119 121 135 141 142 143 147 149 150 153 156 160 163 166 171 172 184
105 111 141
131
160 171
102 104 105 106 108 109 110 114 115 123 124 129 134 137 139 147
188
102 104 106 107 108 110 111 112 113 114 115 116 118 120 123 127 130 131 133 139 140 145 146 149 150 157 160 163 167 171
131 154
102 112 122 125 133 139 148 171 189
102 104 106 113 114 118 119 121 122 124 126 127 129 131 137 138 142 144 150 154 156 159 161 163 164 167 169 170
112 114 148
114 145 152 159 167
105 106 115 117 120 126 128 131 132 139 140 141 144 158 161 165 166 168 171 176 179 180 184 187 191 192
102 117 125 150 172 174 176 178 179 180 191 193 197
159 167
134 146 171 172
102 104 105 106 108 110 113 117 120 122 124 127
102 103 105 107 109 110 111 114 115 117 118 119 122 124 126 128 135 136 142 152
154 170
158 167 173 187
102 103 104 105 106 107 116 118 119 120 121 127 128 131 133 137 139 146 147 148 149 150 153 154 155 164 168 177 181 184
103 106 108 109 111 116 123 127 133 146 158 186
103 105 107 110 112 113 115 126 129 130 134 138 140 143 145 146 147 148 149 152 153 159 160 161 168 172 179 191
102 103 106 107 108 109 116 118
102 105 106 110 115 121 123 137 152 161 163 166 168 176 182 184 188 194
103 104 106 110 113 116 119 120 122 125 127 132 133 139 142 153 158 162 167 168 173 176 179 180 181 187 188 194 199
103 104 159 160 170
102 103 105 109 111 113 119 127 131 137 148 152 161 165 172 175 183 184 185 192
102 107 116 129 140 151 165 173 181
103 106 107 115 116 120 123 125 135 141 145 149 163 165 166 172 174 188 196 197
102 107 109 112 113 116 121 123 127 130 131 132 134 139 140 146 147 151 154 165 168
103 104 105 107 123 124 134 152 172 178
104 107 110 112 115 128 130 131 133 134 143 145 147 150 153 159 165 166 172 174 175 186 191 196 198
104 117 123 124 125 130 132 136 137 138 139 148 151 153 157 159 160 173 177 178 179 181 183 185 188 191 197
108 109 110 111 112 114 115 118 119 131 133 140 142 144 145 148 158 162 166 175 177 182 189 190 193 194 195
103 104 111 112 117 136 143 144 145 148 151 155 164 168 180 184 192
126 134 161
102 103 104 105 110 111 112 114 116 117 120 121 127 128 131 132 133 135 137 143 144 150 162
102 103 107 112 114 116 118 119 121 122 123 127 128 131 133 138 141 146 150 151 156 157 158 160 170 174 175 187
102 106 107 109 114 120 124 127 132 134 135 136 137 144 150 159 164 166 167 173 178 181 182 188 195 197 199
107 111 112 115 116 120 122 123 124 130 131 138 145 149 153 156 159 167 174 188 190
106 107 108 109 154 164 177 189
102 124 126 130 134 135 137 138 148 150 154 159 161 162 164 166 174 177 198
102 105 106 107 108 111 113 114 116 118 119 120 122 123 124 125 127 131 133 139 142 143 145
109 110 115 120 151 159 161 199
102 103 113 117 119 121 125 129 130 131 134 135 136 137 139 141 145 147 149 158 161 170 174 188
103 105 107 113 116 124 137 140 142 152 157 165 167 168 169 175 177 185 196
102 103 104 105 108 112 113 115 119 120 121 124 134
126 159 181
139 174 176
104 106 107 119 135 153 193
103 106 109 110 112 113 114 118 119 124 126 129 131 132 133 134 136 137 140 141 144 148 150 151 155 157 164 165 170
102 105 107 108 111 113 116 119 137 143 146 147 149 154 161 164 165 169 174 181 189 194
102 108 111 114 121 122 135 137 138 140 144 162 163 164 170 179 183 191 192 198
121 128 130 133 137 182
118 126 130 147 171
104 113 117 141 143 148 151 159 188
104 110 117 190 193
103 104 139 184
108 120
102 103 106 107 108 110 111 112 113 114 115 117 119 122 125 129
126 133 140 164 181
104 107 115 119 142 149 190
103 106 107 114 123 137 189 199
103 105 106 108 109 110 111 113 114 117 119 120 122 126 128 130 131 133 137 138 140 143 154
105 109 117 123 124 125 126 128 131 136 150 153 156 157 163 166 170 178 185
102
105 115 116 125 133 140 174 175 186 194 196 198
102 103 104 110 114 116 117 120 123 125 128 129 130 132 133 134 137 141 142 143 148 166 169
106 160 168 175 187 193 194 195 198

108 114 127 152 184 188 191
102 103 108 109 111 112 113 114 115 117 118 120 122 124 125 134 136 138 139 141 144 148 149 151 152 154 158 164
102 104 105 106 110 111 113 115 116 118 120 122 125 129

108 110 113 123 159 162 174 191
107 114 116 149 196
102 104 106 108 111 112 113 114 115 124 125 131 132 136 137 141 143 144 148 150 158 163 169 171 172 177 183 192
132 191 194
121 131 139 162 169 183 196
108 140 158
116 146 149 168 187 194
102 112 114 115 119 122 125 132 140 141 143 149 151 152 157 167 177 178 181 193
106 110 111 112 116 120 122 129 130 135 149 155 157 158 168 176 180 182 183 185 187
151
102 105 138 144 152 179 188
102 105 106 109 110 111 112 113 114 118 120 122 123 125 127 130 132 139 146 148 149 151 153 155 156 159 169 180 193
116 175 183
