

32

22 29 32 34
32 35 38
22 26 27 28

26
24 30
23 30 31 35 36
33 38 39
25 28 34
25 26 27 28
26 28 29 31 37


31
24 25 31
23 24 32 36


26 36 39
25 27 28 34 35


26 29 36 39
26 36 37
22 23 28 29 30 31
22 24 25 29 30


25 29 31 32

23 24
23 24 35

25 33

23 26 27 28 30
26 30 35 39


22

22 23 29 31

23 25 30

23 24 30 35


25 38

25 29 35
27 28



22 24 38
22 26 28 30 31 32
24 25 29
27
27 30 31 32

23 25 27 30 31
22 23 24 25

24 25 27 28

26 30 35
22 24 27 30

24 25 29 33 36

27
24 28 35
35
28 30 37
23
23 30 37

23 26 28
33
24 26 28
32
22 23
22 24
24 27 34


23 24 28
24 25 26 28 31 34 35
28
33
22 23 24 26 27 28 29
26
23 28 29

25 26 37
