171 443 442 311 383 303 396 311 323 308 311 321 396 302 308 300 486 303 539 434 415 326 549 302 303 383 304 311 155 415 266 472 420 304 304 323 480 311 304 303 309 356 303 38 320 308 142 316 203 302
314 414 302 378 313 118 507 314 312 351 317 302 320 508 146 382 303 382 159 313 382 312 305 337 305 303 451 305 105 305 318 484 445 63 314 317 429 320 183 507 302 318 351 445 312 310 310 445 302 312
470 497 366 302 408 402 312 341 303 125 387 302 303 56 108 309 302 456 349 553 358 302 302 303 497 348 303 401 451 302 362 303 391 306 461 346 303 303 303 303 302 303 182 302 12 17 391 303 462 172
223 363 302 321 550 311 323 329 24 302 430 260 377 291 374 321 402 401 303 329 329 526 303 302 426 402 259 383 2 346 321 423 302 316 151 350 326 329 377 374 311 332 374 303 455 114 417 329 2 317
305 302 306 316 347 361 306 311 316 302 316 390 335 306 302 306 326 302 45 335 357 306 317 317 316 382 306 335 337 336 306 391 306 326 302 307 326 390 129 311 534 316 302 316 308 306 252 432 407 171
340 499 390 133 29 314 431 378 367 304 312 336 314 319 309 446 313 312 113 319 320 436 312 325 336 346 336 337 479 336 325 343 367 468 309 367 336 50 336 498 172 305 320 460 321 371 337 320 168 309
428 427 328 309 302 317 302 449 157 501 461 317 416 310 496 56 356 366 376 312 393 303 496 129 303 120 406 322 314 347 311 303 376 304 353 347 303 312 144 314 366 428 342 21 559 317 302 89 529 303
303 221 319 582 302 300 317 383 321 321 599 302 321 405 477 321 369 410 302 533 302 433 321 302 302 321 321 306 321 321 316 352 302 305 350 357 439 483 302 302 300 306 321 147 321 230 302 302 321 321
306 348 326 437 318 302 478 335 303 466 309 335 326 355 328 321 329 307 313 326 410 302 342 275 309 437 305 302 311 302 311 303 413 350 329 319 302 348 329 26 437 332 536 329 313 309 345 452 348 302
152 447 307 305 177 324 325 310 84 306 309 304 316 305 28 304 312 28 329 369 377 304 302 319 319 399 311 118 406 305 306 310 391 202 304 121 324 319 92 360 319 319 316 306 310 359 354 328 514 311
322 303 316 305 322 347 303 540 389 551 302 308 323 320 420 303 317 353 305 123 338 336 302 303 443 305 305 316 305 305 338 308 330 305 489 304 305 123 98 254 303 391 123 435 303 316 302 323 305 303
337 576 255 303 495 303 95 369 355 369 303 319 443 377 276 504 443 303 385 303 308 307 308 302 331 377 313 403 380 307 581 308 303 321 308 145 302 63 309 316 49 314 55 302 403 43 488 483 309 374
306 502 377 302 502 322 303 305 402 302 305 326 302 551 302 303 349 402 328 303 305 450 305 410 402 111 418 302 514 322 402 302 381 304 292 308 133 303 325 306 305 305 449 371 305 302 302 308 302 195
285 303 310 320 303 322 370 303 304 321 304 312 302 304 414 322 320 303 321 372 529 302 320 302 161 320 306 383 116 110 481 330 303 367 306 371 303 303 348 461 306 304 303 303 320 304 303 303 330 310
329 315 314 308 43 340 329 302 466 312 494 326 248 314 437 310 302 329 327 314 310 452 548 310 302 324 308 343 327 302 314 483 324 514 324 314 315 352 74 335 421 302 302 304 329 173 302 316 241 310
561 302 303 319 313 309 302 323 386 309 202 341 333 91 305 560 309 302 302 313 95 302 82 238 536 303 317 515 303 494 435 313 303 110 333 435 356 305 302 317 329 302 320 328 303 303 302 166 435 302
322 157 390 325 302 326 302 306 340 302 306 316 306 398 50 306 320 303 364 198 330 447 491 436 28 202 261 248 248 306 27 447 307 306 426 374 278 547 305 369 321 316 367 318 306 340 316 327 302 306
311 382 303 302 369 394 321 325 308 419 309 282 310 572 331 302 308 314 442 308 489 411 448 176 359 382 345 498 360 324 220 304 79 323 304 345 310 103 306 57 305 308 48 104 304 98 371 349 316 364
408 304 132 303 453 363 341 304 284 303 130 310 184 302 303 136 302 307 305 373 303 400 346 477 304 346 62 346 311 114 312 303 302 325 303 302 303 309 337 302 304 303 302 302 303 311 303 352 331 303
313 303 324 303 303 308 320 353 308 530 303 320 503 302 307 303 302 428 302 578 411 343 213 302 380 22 162 311 321 327 90 325 303 303 91 332 314 90 271 307 305 400 405 411 136 369 354 303 293 307
312 306 123 303 331 321 307 544 306 303 456 312 307 303 305 312 327 303 140 554 312 521 307 340 311 328 354 335 116 310 312 295 312 481 312 27 45 307 310 310 282 312 199 328 330 307 302 343 305 147
305 392 389 470 304 309 27 268 302 309 311 513 126 366 302 309 318 289 469 309 309 311 304 461 309 309 309 314 311 302 302 309 309 302 407 309 398 126 595 309 35 269 348 302 374 54 174 311 502 392
310 322 381 392 304 327 159 306 419 302 351 300 302 358 306 493 331 159 306 211 305 370 306 569 302 323 199 111 313 304 357 322 95 302 306 306 306 90 483 319 304 146 302 36 316 316 389 128 306 306
353 379 180 259 358 313 302 310 378 316 522 198 467 312 310 313 346 65 358 346 388 331 403 378 378 234 313 305 386 310 403 400 389 77 197 220 303 419 54 431 444 164 312 313 22 378 447 133 310 598
313 354 323 308 152 393 345 305 490 303 510 545 342 371 317 304 403 300 545 455 452 308 521 371 309 302 335 440 199 305 555 129 65 336 233 342 172 397 333 306 152 329 422 152 310 305 441 354 419 308
336 308 472 303 334 307 303 364 304 303 443 333 302 103 303 589 348 402 308 304 304 485 303 304 315 304 310 303 307 302 303 315 337 303 303 103 354 303 315 98 390 78 58 354 304 305 334 303 350 306
306 306 375 387 379 306 445 316 306 306 306 302 315 316 306 302 302 327 302 303 306 344 349 311 302 302 311 437 509 401 35 370 321 316 306 302 303 306 302 302 302 306 306 321 322 51 307 387 302 383
312 70 512 349 308 310 540 303 309 278 510 381 368 330 298 151 303 489 302 303 237 340 117 73 302 308 358 401 312 62 340 307 307 400 453 452 329 114 261 329 557 400 307 333 303 302 307 303 303 406
324 468 313 40 312 320 316 577 303 360 311 577 304 316 315 315 321 525 333 307 133 1 346 303 321 403 316 302 307 315 329 306 577 552 394 343 307 309 307 426 319 509 346 449 306 525 372 308 122 387
13 320 341 327 305 447 305 228 320 597 307 309 320 184 332 350 305 305 320 330 315 320 79 320 333 315 320 305 315 338 194 313 313 62 305 305 344 413 320 312 320 309 320 553 303 320 413 320 302 320
505 309 4 310 532 439 373 311 329 336 347 439 330 144 32 329 309 329 312 194 307 132 10 22 329 309 488 307 271 330 419 311 524 312 455 305 310 325 315 304 306 329 303 383 312 322 315 361 311 303
338 339 313 303 313 304 49 313 303 332 339 306 480 348 411 319 308 375 302 318 358 318 210 303 323 303 308 303 93 198 564 303 572 322 330 308 266 541 363 302 438 303 306 302 343 506 306 303 529 303
100 304 417 555 417 316 398 315 271 311 310 304 306 304 367 312 327 505 165 32 420 417 2 304 417 321 349 324 345 312 69 324 305 357 545 302 315 404 302 467 357 316 239 316 260 304 83 427 309 239
306 117 345 353 311 318 305 311 323 329 345 318 223 306 438 117 540 305 48 306 311 318 206 305 306 71 575 474 303 306 392 305 176 303 302 337 303 305 306 318 305 117 4 530 311 345 302 305 117 117
573 245 303 308 306 314 308 329 302 108 323 302 303 309 564 314 306 469 23 55 463 311 323 303 346 308 302 302 308 471 302 302 308 317 304 368 308 312 330 308 323 303 308 416 308 306 387 320 520 308
359 415 400 303 304 318 318 415 458 303 554 310 334 432 381 51 94 443 255 312 327 304 361 316 318 163 395 362 517 313 74 382 312 25 304 217 105 34 312 327 335 318 304 318 313 225 452 304 318 544
324 307 312 222 536 398 302 307 429 325 368 312 398 304 206 512 304 309 304 191 378 309 309 308 309 304 332 400 307 485 305 329 536 356 400 272 368 536 330 388 302 314 304 309 309 288 37 312 304 63
559 302 322 309 361 310 182 324 306 315 552 368 309 309 316 323 324 324 302 325 309 436 310 324 408 302 302 306 306 310 306 306 346 491 38 549 302 303 26 338 306 303 306 61 536 598 325 371 325 347
564 488 308 390 401 505 354 164 221 310 72 303 536 416 338 319 533 368 332 318 408 352 319 306 310 339 148 211 450 317 318 310 307 340 310 303 394 378 439 309 267 307 303 94 474 342 332 304 310 311
348 308 162 415 363 425 308 304 303 2 573 341 328 349 54 386 304 362 272 386 358 123 285 592 304 310 341 303 330 348 457 308 361 326 353 345 425 480 357 330 375 162 341 371 303 325 302 482 425 101
510 341 135 354 324 324 303 394 303 493 308 510 316 318 324 394 303 303 354 302 306 375 300 518 109 325 302 173 318 391 366 196 318 303 390 308 307 459 184 308 303 307 306 306 322 362 478 546 315 207
549 207 331 593 378 560 311 453 355 303 543 304 195 389 303 343 303 367 317 311 303 321 286 191 308 316 336 86 356 335 386 453 490 389 312 321 97 317 303 312 255 311 317 306 302 303 323 302 312 302
408 303 321 521 321 408 306 321 366 313 321 452 388 321 302 321 529 246 313 302 589 310 500 303 408 73 560 324 200 403 314 310 313 366 344 347 408 408 157 306 408 501 321 366 328 513 310 408 340 302
85 492 320 329 329 308 350 350 423 302 308 329 172 332 399 308 67 308 315 302 351 292 209 329 392 1 50 311 332 536 492 329 330 302 355 99 350 259 304 231 329 307 308 98 13 302 302 318 304 77
313 460 308 303 303 303 538 400 303 222 302 313 436 505 332 313 302 309 505 309 314 326 318 303 303 303 326 302 320 302 350 304 303 104 326 303 313 302 303 505 313 302 373 303 303 390 456 441 302 308
310 406 304 308 342 452 405 331 304 331 302 333 548 312 331 308 303 331 175 337 303 320 305 393 331 347 303 331 354 308 302 329 283 331 304 304 321 554 90 90 331 566 304 372 367 523 331 46 405 121
307 141 324 307 599 485 61 307 302 302 7 310 307 307 322 323 337 310 356 302 348 445 325 309 307 307 171 350 307 309 408 311 307 302 353 496 426 394 307 307 310 400 310 334 393 307 594 185 324 137
303 593 390 379 303 114 386 306 306 314 309 385 314 181 302 421 317 306 303 306 438 306 329 330 322 2 542 468 27 322 330 321 403 508 309 144 421 376 316 390 314 340 306 339 330 84 31 161 302 429
302 302 215 465 114 164 303 332 462 303 302 303 520 321 352 327 345 303 39 520 303 375 273 303 478 429 324 303 411 321 307 308 579 302 371 303 302 520 321 440 474 138 345 303 215 481 303 2 303 303
304 302 302 368 324 302 261 304 121 302 304 350 302 324 401 94 200 302 94 302 303 304 304 340 366 142 302 142 430 302 404 307 367 350 310 302 366 302 368 64 577 304 308 360 84 564 320 401 304 302
428 336 314 303 302 428 312 309 346 93 317 302 302 428 327 514 428 428 302 342 451 307 428 305 309 302 310 335 302 327 428 264 346 303 307 307 185 181 134 310 302 597 310 30 314 302 500 428 303 303
320 469 317 319 303 357 317 533 323 324 303 305 317 319 317 475 183 319 317 107 317 303 519 317 449 346 319 319 303 328 171 303 319 317 317 360 319 579 336 361 312 307 323 557 317 20 338 476 400 295
309 271 526 271 319 326 39 306 326 308 330 356 66 275 40 465 309 124 209 223 498 430 341 376 306 408 305 331 79 336 271 138 305 525 9 367 344 528 578 305 271 413 127 309 275 269 40 326 312 271
382 155 311 342 519 239 348 314 321 320 567 349 397 331 303 330 359 311 351 382 359 323 324 311 48 349 300 129 311 320 351 330 330 572 125 320 349 321 418 299 327 343 320 305 351 84 211 84 426 351
302 306 305 373 306 595 302 193 304 373 161 585 573 305 302 306 432 304 311 61 509 373 521 579 373 316 413 306 316 316 306 373 111 333 306 302 317 311 373 316 302 327 333 304 373 306 225 373 317 306
302 310 336 507 302 507 596 310 311 302 407 302 321 429 468 469 303 303 166 351 302 351 362 304 307 302 303 351 310 541 323 304 303 525 358 166 304 310 303 323 407 302 316 320 310 306 505 361 237 409
314 314 372 396 333 470 331 336 304 23 302 461 306 399 437 322 384 22 314 372 304 331 255 583 493 545 306 382 448 529 314 389 399 300 317 573 220 306 302 322 304 411 333 302 554 178 463 528 339 529
343 317 506 335 589 310 390 339 321 310 330 454 308 321 354 390 321 587 351 456 321 351 305 317 263 315 398 305 531 478 307 317 554 379 311 411 312 156 11 445 351 492 49 328 310 386 398 305 531 352
308 303 303 283 376 302 303 326 302 303 572 317 302 303 376 312 303 303 458 356 302 302 335 302 303 302 303 376 395 289 307 302 63 376 307 303 376 325 302 303 312 595 64 355 302 302 302 465 439 496
334 306 305 307 282 155 448 303 314 571 302 305 305 302 333 128 302 515 556 122 305 345 16 302 324 305 326 305 302 471 116 315 302 116 302 319 314 305 305 350 305 313 305 334 448 473 334 334 305 371
304 338 304 551 317 303 20 316 304 300 333 304 317 334 408 328 306 319 479 317 307 355 304 304 303 318 304 304 314 514 324 287 303 116 304 306 304 387 327 435 304 344 375 300 300 313 307 307 317 449
302 305 302 290 329 307 338 304 304 331 304 190 289 592 305 196 318 305 338 314 183 304 390 363 474 413 305 304 450 304 317 329 342 304 303 396 302 303 302 311 318 409 283 409 302 305 302 380 225 419
405 380 430 304 523 468 346 527 307 463 306 319 341 312 306 215 404 319 422 319 304 446 380 517 47 308 327 308 316 308 313 312 50 327 125 404 304 311 412 318 305 304 422 306 354 193 463 305 354 165
311 314 384 375 348 329 308 308 377 348 367 302 311 348 348 303 373 318 348 348 302 318 324 318 311 303 311 348 324 522 348 302 302 428 562 168 570 373 309 348 483 240 395 311 310 164 348 304 469 304
80 328 303 34 441 312 305 391 302 335 303 320 329 448 170 467 305 343 199 352 302 303 216 21 444 316 205 313 305 302 305 310 550 327 434 303 316 312 158 302 417 309 496 422 567 352 303 339 343 165
393 348 311 233 307 308 306 315 348 315 362 348 391 305 308 123 344 315 305 315 348 315 564 315 306 366 326 295 307 306 348 306 480 332 306 315 306 308 315 366 305 366 305 310 388 340 348 396 308 308
323 188 287 395 302 342 303 308 302 86 331 307 306 11 24 325 308 315 330 503 305 308 147 471 277 328 593 332 328 197 369 334 353 325 326 308 358 169 322 325 312 156 303 325 299 325 308 303 118 334
302 303 310 302 310 303 302 131 302 330 302 330 302 303 303 302 302 314 583 303 302 303 310 302 257 303 314 303 354 341 302 302 314 479 303 303 73 302 346 314 483 302 303 367 359 277 302 312 124 522
376 372 314 157 226 419 321 338 345 306 419 312 343 387 311 414 419 302 192 316 302 319 302 352 599 315 362 409 387 290 316 311 546 386 418 380 303 108 341 387 252 419 387 599 448 376 387 332 424 307
354 304 109 326 468 328 317 314 314 85 484 218 325 313 304 346 63 325 319 86 309 468 393 372 309 314 3 211 314 154 350 319 329 373 358 330 391 428 391 314 349 354 468 317 562 527 468 317 591 468
302 403 303 321 22 501 302 358 589 308 52 399 308 308 306 306 359 377 302 484 406 329 376 404 333 310 303 371 308 306 302 426 276 305 577 302 385 337 118 310 426 510 303 341 303 130 343 503 376 302
321 131 303 302 302 303 526 302 357 495 302 302 302 302 563 306 303 306 302 302 302 302 302 316 399 21 509 390 302 517 302 303 303 399 420 470 490 465 339 302 180 471 475 313 302 303 303 485 303 303
361 399 306 306 337 510 306 594 302 337 485 303 346 302 306 303 303 306 308 337 189 304 405 303 303 288 510 179 314 473 306 304 306 203 306 306 302 441 493 189 326 307 179 306 303 169 242 337 304 304
123 352 309 302 220 324 434 302 364 309 321 302 220 303 329 353 555 308 398 121 122 311 151 92 327 336 309 315 309 309 549 342 302 309 381 302 448 28 336 311 3 336 434 302 416 329 302 302 309 311
172 152 315 466 303 317 314 306 576 342 440 306 199 45 591 323 31 342 342 303 102 306 355 355 303 545 303 306 302 334 172 315 312 375 546 309 312 15 307 342 303 317 314 302 433 411 480 431 357 315
110 171 303 23 509 306 332 306 27 303 305 569 302 104 318 302 302 264 306 303 303 306 303 305 547 302 303 303 211 518 210 306 380 308 306 303 306 496 23 302 304 319 322 305 303 302 342 302 307 306
307 303 495 319 338 522 305 399 312 176 399 308 206 331 559 242 304 308 157 318 226 305 312 374 472 304 303 365 489 489 347 305 311 362 310 598 153 495 420 93 362 74 302 420 362 320 187 310 341 304
303 337 333 516 334 304 309 309 303 304 317 158 309 372 316 261 353 334 302 309 374 308 334 304 309 334 304 334 318 533 309 304 329 319 316 353 304 332 302 315 353 199 308 309 261 304 318 302 346 552
304 308 303 310 452 56 339 302 381 309 304 315 309 441 397 327 304 300 303 304 308 309 78 305 304 309 302 338 312 381 309 327 303 434 302 302 309 432 82 72 303 305 331 453 82 439 309 391 324 305
395 89 306 198 387 304 306 400 306 563 422 61 514 315 339 303 333 60 343 309 111 436 393 369 310 576 386 343 306 340 315 411 395 306 308 459 308 21 314 339 308 497 315 307 369 308 402 38 308 369
169 312 368 339 18 305 126 459 498 324 324 236 18 339 307 256 310 132 381 302 354 368 227 397 459 354 305 43 303 353 309 397 320 539 324 340 213 507 305 336 302 330 18 320 594 412 502 454 379 330
304 305 375 302 519 304 302 311 302 527 451 581 306 304 304 304 313 314 302 304 321 334 304 304 302 304 302 364 304 302 481 100 304 302 302 441 316 321 313 304 302 302 302 428 332 415 304 304 359 449
8 303 309 324 212 303 309 32 490 303 326 312 309 303 302 490 303 303 303 438 344 310 324 337 366 303 349 326 306 382 303 337 309 303 302 309 306 307 8 313 497 333 311 302 235 4 270 306 303 309
458 547 346 336 481 303 337 307 502 305 306 466 561 329 306 466 306 570 466 302 573 322 322 302 475 1 219 55 468 394 302 320 284 1 317 316 237 115 368 509 337 55 320 1 324 308 371 257 351 326
302 307 344 307 302 307 302 302 172 302 464 333 307 307 311 302 239 367 331 31 302 326 425 524 326 433 384 302 312 337 302 302 326 313 329 221 307 307 336 354 307 302 302 307 249 302 312 307 367 307
493 308 471 354 520 380 325 165 318 471 313 315 315 485 17 539 425 416 304 302 325 304 363 333 306 308 471 335 590 582 139 232 308 143 337 303 325 333 302 302 303 302 317 314 339 526 485 306 338 315
334 18 302 454 345 560 302 311 306 459 313 302 306 312 304 337 93 302 338 381 313 306 302 306 306 306 414 318 393 306 306 441 563 247 485 306 337 302 318 313 302 302 306 19 313 302 302 329 348 304
319 319 343 153 303 583 241 318 381 153 357 319 55 303 303 531 302 324 329 302 326 319 303 302 303 345 305 319 302 303 194 302 433 312 37 325 302 311 307 307 312 493 350 153 490 339 153 486 157 303
299 323 373 411 222 299 302 311 303 315 451 342 534 411 456 532 387 238 453 565 303 312 315 292 302 350 534 303 315 382 303 356 11 302 109 315 538 356 400 266 539 401 303 579 160 303 305 330 220 372
425 433 308 310 436 349 354 68 224 336 353 550 328 521 117 332 195 341 307 303 302 331 225 304 399 328 564 328 333 86 316 567 54 433 392 389 249 413 433 406 305 436 456 410 361 39 521 576 305 307
556 368 338 317 395 213 314 367 95 330 316 34 322 308 481 313 307 168 404 330 362 573 322 307 322 429 305 592 577 87 303 470 425 309 485 307 303 307 320 306 305 322 184 480 538 322 336 303 319 21
328 366 355 14 322 305 326 326 305 305 340 308 315 44 440 355 356 306 307 328 303 308 305 112 317 355 317 349 305 306 312 322 118 452 84 44 327 494 355 329 314 578 305 456 355 484 317 112 306 421
78 232 372 333 78 329 315 355 326 303 315 359 385 353 335 510 335 132 383 307 139 398 315 355 340 315 400 398 30 309 261 8 510 302 303 430 309 303 337 315 248 309 341 175 339 303 315 481 329 341
303 302 125 302 382 93 305 291 302 302 304 125 303 303 161 305 360 321 328 302 530 303 308 371 391 316 305 307 414 334 303 304 303 302 353 308 309 408 121 311 302 304 310 408 405 334 461 310 401 303
300 302 304 303 91 303 573 452 34 558 491 30 458 461 304 319 378 303 69 414 332 426 303 311 305 315 183 305 305 303 319 302 16 305 335 311 303 310 312 331 125 471 305 303 349 305 221 233 325 305
368 313 303 393 307 357 303 317 313 157 330 366 313 309 286 329 312 306 322 399 489 319 309 482 303 467 255 339 319 576 312 333 313 333 63 313 467 63 324 313 313 302 347 255 306 489 322 55 365 475
310 17 404 422 42 416 331 337 466 306 303 331 317 345 378 338 302 378 304 3 304 226 216 344 304 306 418 361 311 307 304 465 306 306 433 369 304 325 422 56 373 377 314 256 422 304 302 304 306 304
317 318 302 332 323 67 471 308 303 128 303 477 388 318 317 306 302 328 313 309 303 302 306 308 580 77 308 303 303 314 429 318 302 303 323 323 412 302 323 303 91 308 308 302 360 313 303 318 302 462
11 433 329 356 323 308 497 310 316 326 309 427 310 314 358 405 244 302 305 314 339 463 256 152 449 113 319 328 329 322 310 433 324 338 212 371 349 339 32 281 307 212 324 298 339 304 310 304 338 310
335 1 311 303 19 432 316 336 307 345 300 307 307 335 351 304 316 347 337 307 144 305 307 196 314 310 307 326 314 304 303 307 305 335 310 307 593 503 304 443 307 336 110 311 324 304 307 311 316 335
