52 93 53 60 29 52 61 56 9 61 70 54 67 90 61 53 9 61 60 58 61 85 54 65 31 90 63 65 54 98 61 60 9 54 77 61 50 3 55 6 52 77 70 85 61 72 52 61 61 3
52 56 56 52 56 56 55 55 67 60 59 52 53 56 58 52 19 53 52 19 55 55 43 66 52 53 70 55 62 52 96 98 19 56 55 43 52 52 53 43 59 53 66 56 83 52 53 87 56 58
52 52 82 1 1 52 1 52 53 82 52 1 52 52 52 52 55 1 52 59 52 52 1 61 52 81 52 61 52 52 46 1 52 80 52 52 1 52 52 52 60 52 1 59 80 52 52 72 60 52
1 16 54 5 1 52 66 52 1 85 22 1 1 92 96 1 91 1 58 52 1 64 91 1 87 85 85 79 92 1 52 52 78 91 52 15 16 18 1 86 1 23 7 52 52 38 91 96 80 81
80 45 53 54 53 60 60 33 98 53 61 80 53 80 52 58 60 52 80 58 85 61 45 43 69 60 35 11 80 45 65 53 54 80 53 60 53 60 43 80 80 52 52 80 80 45 60 80 60 52
52 40 54 56 3 17 96 41 53 79 56 64 82 38 56 53 17 31 45 41 25 39 54 56 55 55 75 56 45 55 65 87 79 17 72 48 52 53 70 53 59 60 78 65 17 88 65 53 56 54
55 64 33 1 78 57 64 58 55 57 72 64 39 28 2 57 97 57 1 3 54 54 55 66 52 87 55 75 1 22 33 64 80 64 78 55 1 65 97 64 66 54 50 55 16 89 38 57 4 64
54 99 52 56 17 72 76 69 53 62 95 42 39 50 87 30 95 54 55 53 64 17 64 87 50 72 55 54 60 74 64 76 11 99 77 95 79 19 56 77 79 72 90 60 55 95 56 56 34 77
28 99 79 60 7 60 14 86 67 58 58 66 60 72 66 60 15 74 86 57 60 15 14 60 68 58 86 66 61 80 61 60 68 60 8 66 60 58 57 57 54 72 35 61 63 28 15 57 7 67
37 97 64 55 57 60 52 86 46 68 55 52 16 52 22 55 83 52 15 96 52 64 52 17 57 57 63 15 46 55 37 45 60 54 74 56 11 65 71 74 65 28 81 28 87 86 55 60 65 69
26 67 74 54 58 68 99 81 68 54 60 57 64 49 52 88 64 64 91 57 17 70 96 68 1 64 58 64 54 64 64 54 90 77 77 90 49 52 52 52 74 6 85 57 74 52 52 70 78 58
54 76 71 52 63 53 37 52 53 52 52 52 76 62 53 53 82 56 52 53 53 52 52 65 29 52 55 53 58 74 52 20 53 53 52 63 56 52 53 47 53 53 75 53 67 52 53 52 83 52
30 87 24 55 20 60 52 23 62 62 52 56 63 46 30 52 29 65 52 55 53 23 52 65 23 53 78 25 63 53 53 23 93 88 53 55 62 52 63 23 97 52 53 24 1 30 53 52 70 53
95 80 53 52 61 64 68 61 53 66 76 58 53 58 68 68 58 68 68 58 88 56 60 68 50 50 54 68 37 91 75 92 58 75 6 58 67 38 58 2 71 53 64 52 50 53 1 56 47 68
2 69 76 12 12 94 43 89 42 70 47 69 87 63 58 59 76 62 76 15 91 59 43 69 72 92 58 65 60 99 69 96 66 57 47 15 91 69 60 57 12 63 92 58 12 69 59 27 63 46
57 63 57 56 53 66 68 58 68 66 61 53 5 66 58 97 96 40 57 58 57 42 56 53 34 66 62 65 56 66 62 86 5 57 55 28 97 56 40 80 55 18 44 66 53 58 40 56 61 6
86 54 60 86 58 58 86 5 54 52 3 86 91 53 81 86 56 60 8 61 61 50 24 4 52 61 4 8 86 60 80 54 77 77 16 9 60 54 9 3 9 54 86 60 60 86 56 54 54 52
66 71 60 64 63 64 64 2 8 54 45 58 31 66 77 66 83 61 93 42 65 56 52 60 31 71 64 64 41 18 52 31 41 70 52 88 76 52 2 53 60 64 49 64 66 64 95 56 52 66
66 59 67 56 71 59 41 52 19 94 29 60 95 20 70 54 73 68 59 73 53 73 52 57 53 56 52 60 79 70 52 54 73 52 71 29 17 47 73 52 73 73 52 70 52 73 61 73 70 73
77 66 56 50 52 30 66 79 52 1 1 50 67 90 56 41 2 52 1 50 52 58 83 73 96 50 10 79 77 50 1 50 1 92 66 54 2 76 67 92 1 96 1 70 67 1 66 56 16 52
57 84 52 68 42 58 61 57 58 77 56 97 57 57 20 57 98 53 90 97 53 65 57 68 57 57 53 57 56 57 18 55 56 9 14 52 53 57 57 53 56 55 76 52 57 8 58 52 56 56
17 57 66 73 4 31 62 94 66 94 49 62 54 68 30 67 54 31 16 86 48 28 50 32 58 17 66 77 28 30 28 28 50 66 28 68 18 80 46 55 59 69 58 84 34 59 60 76 57 58
56 71 62 52 2 95 97 38 54 20 13 71 38 1 52 64 22 79 52 52 38 72 56 79 34 35 52 64 38 95 56 79 76 72 56 58 56 56 35 52 2 21 77 52 13 35 73 52 21 56
53 8 78 70 53 70 53 56 4 64 53 53 75 11 96 32 53 69 40 86 53 52 52 78 66 61 52 5 41 75 52 58 74 78 64 53 25 68 58 52 12 78 78 36 73 53 52 87 70 52
54 53 66 66 66 40 54 54 55 58 54 54 66 5 54 58 8 65 77 91 53 66 52 56 58 53 54 58 56 58 54 53 54 58 54 54 16 59 52 65 55 41 67 52 34 4 56 41 54 54
24 54 60 73 42 32 92 32 42 66 69 71 60 14 60 8 42 66 66 50 66 64 14 21 97 50 54 73 27 54 50 91 59 69 56 37 50 70 33 77 50 60 81 20 57 60 65 59 81 86
75 13 11 66 84 52 52 84 52 11 84 8 84 10 10 10 84 55 13 84 55 38 84 84 70 55 10 67 57 33 84 70 62 60 18 52 17 70 70 41 70 91 43 70 56 75 19 63 70 70
70 75 56 64 58 58 55 64 72 61 55 52 58 56 24 25 57 58 53 52 58 53 55 55 52 53 10 53 58 81 55 68 55 66 56 63 52 55 55 4 55 10 10 66 56 18 58 33 74 74
43 55 76 76 83 76 70 27 74 57 59 57 52 14 52 58 57 43 87 57 69 32 59 74 13 55 53 83 92 83 50 63 53 74 63 70 55 4 59 43 57 85 57 93 53 81 57 34 85 97
43 29 53 50 9 61 53 67 58 60 58 59 53 75 78 40 65 57 60 60 50 75 58 53 52 73 65 40 70 70 65 58 75 59 52 14 65 70 91 94 94 71 75 73 58 1 58 59 94 58
55 29 88 41 88 62 29 52 54 62 88 59 55 98 81 58 55 54 29 29 54 66 88 93 55 88 29 27 88 54 62 46 56 92 62 99 60 88 88 60 54 29 29 55 88 78 88 88 88 35
52 25 13 56 61 52 79 92 8 66 52 3 56 81 79 52 92 3 55 52 52 92 13 58 92 61 64 52 52 92 52 46 92 56 67 57 56 92 53 92 52 92 23 92 94 41 55 63 27 56
71 71 75 63 56 71 64 60 49 57 78 42 88 63 84 65 47 71 52 88 64 50 45 19 56 47 23 92 80 64 84 71 52 94 71 59 92 88 50 92 89 64 50 50 52 44 56 75 84 63
55 47 52 74 64 61 61 66 55 9 74 55 33 39 57 59 61 9 52 47 61 54 66 58 82 47 92 52 55 67 58 71 69 63 59 52 53 9 92 39 61 12 68 55 59 74 19 18 60 64
54 52 54 53 53 80 62 55 59 67 56 64 56 56 83 56 27 56 56 55 56 18 61 54 56 61 2 72 61 55 56 59 56 63 61 56 77 88 55 54 38 83 61 54 56 53 83 56 67 52
52 58 28 53 55 79 60 52 56 17 57 5 27 60 58 50 48 52 56 56 56 77 1 69 29 50 53 52 66 56 56 55 54 56 56 89 76 58 58 50 76 58 93 22 58 52 69 31 1 76
60 54 98 80 4 59 61 50 53 59 61 52 46 61 59 61 77 59 52 61 61 70 8 59 61 62 59 59 61 8 52 92 56 56 55 61 61 52 61 59 60 61 68 79 61 52 52 84 79 61
63 52 75 54 57 59 60 81 57 70 93 63 54 71 58 66 24 54 54 66 57 54 71 82 63 68 40 54 44 54 90 93 52 19 96 54 57 43 70 54 68 22 54 54 46 42 13 98 62 71
44 58 56 1 85 1 56 62 63 4 32 59 69 67 36 12 12 4 77 50 23 55 16 7 5 63 50 96 28 31 98 83 12 12 1 55 87 57 63 1 78 1 64 59 58 63 83 78 7 98
34 63 54 34 54 53 98 22 81 68 5 90 57 52 27 98 50 69 57 34 54 59 65 26 55 27 90 54 62 68 54 27 53 54 81 25 79 27 24 50 34 24 54 27 62 31 52 52 34 25
98 74 55 68 70 53 7 71 58 90 37 64 64 50 54 64 89 90 58 85 50 53 1 63 53 58 52 58 6 52 59 1 67 76 97 55 53 55 77 67 87 87 81 39 55 50 67 67 58 3
53 65 66 37 66 74 63 58 36 74 30 78 69 65 83 66 96 71 70 11 54 66 24 65 65 52 10 81 87 52 69 71 88 80 36 77 77 30 74 69 65 54 30 65 77 70 52 74 30 74
86 70 89 23 60 79 60 23 25 52 60 97 72 52 94 55 11 60 52 72 60 54 60 68 48 43 60 65 8 66 65 5 23 82 9 23 52 52 60 37 52 17 60 52 52 52 52 53 36 60
13 55 59 52 55 57 55 55 65 52 52 55 59 82 55 55 1 59 63 55 55 77 55 82 52 98 68 85 55 77 52 55 55 52 82 15 52 82 55 52 62 55 52 55 52 55 60 60 85 52
70 66 15 55 54 54 18 54 42 94 66 58 83 70 66 70 54 55 54 54 54 90 39 66 64 66 58 20 35 90 55 62 66 80 54 42 52 66 52 54 58 66 35 33 54 34 90 50 32 10
29 30 53 80 34 75 30 66 97 50 75 50 82 11 75 53 53 29 52 64 52 75 52 49 83 53 80 50 52 53 22 75 53 86 53 74 18 35 74 52 77 78 52 53 95 73 93 29 55 64
54 53 52 56 56 56 57 52 56 52 56 56 8 56 78 52 52 9 52 58 56 56 61 61 52 31 56 55 34 56 61 67 56 56 52 52 58 52 60 41 56 56 47 52 56 53 56 52 13 56
57 71 55 54 60 36 52 55 60 56 49 2 57 1 55 44 56 58 64 55 56 55 56 63 44 76 24 55 81 11 49 53 55 60 58 1 55 54 56 19 15 3 55 70 37 99 57 56 53 58
53 52 55 78 52 52 53 25 52 56 52 53 41 53 53 53 57 52 46 52 67 21 46 5 79 67 5 98 53 52 85 53 53 53 67 67 53 53 61 53 53 67 57 65 61 67 53 52 5 54
75 54 54 70 92 52 54 75 57 61 15 52 54 80 58 97 57 58 36 54 52 6 52 52 54 52 57 58 54 76 54 52 17 57 54 54 52 52 72 52 57 75 60 52 53 54 54 57 54 53
52 52 52 53 4 66 58 56 53 4 67 53 52 53 13 53 53 52 52 78 53 52 12 52 52 44 4 34 52 52 57 74 52 67 44 55 53 53 29 52 53 53 44 52 81 9 58 52 44 52
52 90 52 12 52 1 90 90 52 52 63 90 52 59 90 90 90 79 13 90 99 57 55 52 95 55 90 90 52 47 61 99 52 52 90 90 91 54 57 72 54 91 57 80 90 52 57 90 94 90
59 65 76 53 40 59 53 56 83 40 53 53 53 67 52 59 53 68 68 52 60 8 53 85 65 72 55 54 59 53 50 13 71 53 59 54 53 40 24 23 69 63 40 67 64 56 40 12 67 96
52 28 1 78 94 38 55 29 52 39 7 62 22 55 64 33 55 55 22 16 57 25 94 55 54 12 55 25 58 89 39 68 52 16 57 68 55 54 98 52 55 27 68 57 52 1 68 55 55 7
41 53 54 55 53 41 52 48 53 41 66 68 55 48 33 59 55 93 54 70 53 59 48 54 48 65 59 54 93 52 64 53 64 86 33 93 74 66 93 33 79 59 79 74 95 92 55 55 53 54
32 60 52 71 56 60 70 54 58 52 63 76 76 68 56 54 65 70 67 60 70 61 59 36 63 63 60 24 61 54 54 70 37 56 36 56 54 52 36 63 55 36 63 34 59 63 60 70 67 82
66 69 58 61 61 79 8 61 61 30 93 53 53 52 52 66 53 8 52 52 53 52 7 52 52 52 47 7 20 86 52 89 96 74 62 98 60 53 58 67 53 95 79 7 58 53 79 66 66 52
55 78 52 62 78 6 63 41 97 41 21 57 57 6 78 54 78 54 54 62 47 57 15 81 57 59 54 49 78 82 54 31 53 82 54 67 54 63 1 57 63 49 59 54 59 63 50 78 78 91
72 53 54 46 69 54 61 28 54 53 60 91 60 54 15 40 76 53 71 15 59 60 9 60 70 74 69 99 37 15 73 53 54 15 53 60 52 55 90 60 15 15 52 60 60 58 81 69 5 60
53 52 56 65 95 52 52 52 57 53 60 54 65 17 56 53 27 56 65 11 65 82 52 90 9 53 82 48 16 72 7 61 53 72 32 52 20 11 48 72 90 53 82 75 53 53 52 73 64 53
79 64 65 80 34 2 65 53 31 88 31 30 69 67 55 54 53 55 31 60 8 76 10 54 59 54 53 53 55 8 21 55 9 65 65 52 10 65 70 6 11 10 55 66 53 58 54 1 54 80
29 59 55 55 68 52 29 52 22 80 53 52 85 63 66 25 7 66 47 90 29 5 16 83 72 54 45 78 18 58 13 85 6 28 54 64 72 73 91 50 64 54 90 7 80 97 98 58 50 54
52 60 28 52 81 52 53 56 56 52 81 53 60 56 53 56 53 56 58 34 81 76 52 52 47 64 52 56 76 56 62 52 56 56 52 52 52 52 56 67 52 53 64 52 52 56 57 81 60 59
56 53 56 38 56 52 52 75 68 56 52 56 56 56 74 76 38 56 71 56 27 52 52 52 52 52 56 65 68 56 56 95 56 59 82 56 52 27 95 56 52 56 76 27 71 52 52 66 52 95
63 63 92 54 82 17 59 64 63 84 15 52 63 57 52 52 63 63 17 81 56 52 32 52 70 93 63 63 56 63 13 27 82 86 17 1 52 63 1 52 63 52 65 70 52 52 55 56 52 61
53 54 24 63 58 66 58 79 24 58 74 82 65 80 63 25 84 58 84 66 55 56 55 68 55 53 79 63 58 28 57 57 52 58 4 58 10 4 86 57 54 24 65 55 50 64 65 63 95 89
84 62 53 55 53 57 62 98 62 57 52 57 60 72 60 55 62 98 50 98 62 96 97 62 36 56 62 46 57 54 57 10 57 52 61 65 52 53 54 69 3 39 80 54 7 52 55 89 74 42
56 37 52 50 50 52 50 50 37 69 50 8 52 50 52 52 25 52 52 82 71 66 52 55 52 52 56 82 75 57 56 52 56 50 75 50 54 37 50 53 37 52 38 50 56 60 75 53 56 52
96 52 65 54 66 52 52 96 99 90 54 90 96 52 34 59 84 71 90 59 57 60 52 65 52 99 54 90 96 99 61 52 61 5 99 54 52 3 59 52 58 99 54 48 59 99 54 4 90 90
54 54 59 53 54 53 52 59 19 59 52 52 52 52 54 54 54 52 2 54 54 53 54 59 54 99 52 54 49 96 78 54 80 54 58 54 59 52 59 54 52 54 54 54 65 92 54 27 54 18
60 54 60 61 52 53 53 96 52 75 30 52 75 53 60 52 60 97 97 97 75 97 53 64 53 52 97 52 55 96 59 60 53 60 61 57 52 64 52 62 53 53 60 53 61 53 97 59 60 60
56 94 26 59 57 41 56 1 68 52 1 57 98 66 53 7 1 56 53 27 26 71 27 60 53 52 55 91 79 27 56 59 1 96 67 56 76 53 59 56 40 89 48 65 59 59 53 65 59 91
79 56 52 43 52 67 55 76 33 55 53 21 91 91 76 97 1 52 57 55 52 52 1 70 16 55 52 54 52 55 55 41 47 55 85 70 55 30 55 26 55 31 52 52 58 52 2 56 79 57
54 68 66 34 55 57 93 68 74 65 45 62 59 66 70 9 70 17 61 65 71 85 62 64 99 59 65 98 56 22 9 36 57 35 44 74 66 89 58 59 46 45 64 61 12 64 66 59 46 74
84 76 60 60 57 52 94 55 48 57 52 54 58 52 35 48 60 61 41 70 61 61 35 63 80 34 56 60 59 48 58 74 52 94 70 13 63 12 49 57 12 30 54 52 54 94 60 70 59 58
55 53 52 5 76 53 61 52 67 67 58 50 67 81 58 74 53 53 67 50 58 36 50 98 53 67 58 55 52 19 58 53 60 53 53 58 5 57 58 56 53 21 5 58 53 67 99 63 67 61
2 91 69 57 53 56 54 54 30 54 89 56 93 56 94 56 85 70 80 70 53 66 34 84 66 52 54 61 66 70 28 66 94 57 84 54 1 53 93 70 70 30 95 84 56 56 52 56 5 53
58 54 53 86 76 61 92 53 53 59 58 43 61 59 86 86 66 53 53 24 59 52 68 59 88 58 62 62 62 59 52 67 17 55 55 59 16 86 32 53 23 59 25 53 83 62 97 59 59 59
52 57 70 55 49 52 58 81 54 52 55 56 58 67 56 18 52 9 55 18 67 52 18 9 77 1 55 61 52 55 56 44 55 52 58 54 99 52 52 55 52 52 55 28 55 52 55 55 54 19
1 53 61 60 92 50 75 67 61 75 20 32 50 50 53 75 50 50 22 21 53 21 56 75 24 21 50 5 52 50 75 53 75 33 50 75 58 56 75 22 50 67 33 53 72 52 21 53 8 22
68 74 26 56 8 56 55 82 31 8 3 56 60 64 56 56 85 60 64 55 56 99 52 52 52 38 74 55 53 90 69 56 68 87 68 55 50 68 52 64 60 56 8 60 56 24 65 56 63 43
74 28 54 68 34 52 45 55 53 46 58 54 97 46 64 54 55 66 66 55 55 55 66 53 55 82 55 95 55 55 66 70 66 57 49 59 36 60 55 52 68 30 86 55 38 49 55 54 64 28
63 52 68 82 92 92 59 23 82 66 62 45 52 73 67 89 52 6 78 76 97 73 79 59 66 68 8 41 92 54 82 8 55 41 86 8 64 80 21 21 14 66 53 73 8 7 25 82 6 13
79 20 52 55 52 80 55 55 57 53 63 52 73 41 60 80 62 53 72 41 22 72 52 81 41 81 41 57 72 60 52 73 41 66 96 32 55 41 41 55 90 72 63 59 22 92 42 81 55 53
52 65 56 78 57 52 56 67 29 61 55 46 55 2 58 55 55 55 95 56 55 52 52 66 55 52 56 67 78 52 1 56 75 61 63 64 53 66 64 65 52 66 10 52 55 56 55 66 66 65
60 93 74 49 60 94 62 87 62 53 56 61 58 15 94 71 59 56 62 32 58 11 58 91 59 74 58 66 62 62 31 59 59 56 62 26 26 59 54 29 29 59 59 11 14 62 94 46 60 55
62 94 52 56 56 52 56 1 56 12 49 56 70 52 37 56 60 56 76 52 56 84 52 56 56 56 52 63 56 56 30 52 72 20 66 56 52 63 60 56 53 52 56 87 56 52 56 52 76 52
60 58 60 79 89 76 61 53 48 77 53 73 56 65 47 61 56 58 56 77 60 77 30 60 65 2 60 72 53 61 30 75 53 76 53 54 55 75 68 54 77 67 61 55 27 54 79 67 54 55
78 53 80 53 52 53 53 53 53 53 53 52 60 52 52 52 53 53 53 53 68 52 53 72 78 52 53 75 55 78 67 53 53 53 52 52 67 53 67 52 52 52 53 58 78 53 53 53 52 53
5 62 95 37 42 86 36 78 18 78 59 99 54 36 56 12 75 54 67 72 99 78 50 68 78 56 56 71 78 5 99 61 29 5 78 69 66 8 62 5 56 62 78 42 78 86 78 55 37 12
63 65 54 65 52 25 65 59 65 59 52 52 57 54 59 65 23 52 65 52 59 57 57 57 50 54 57 52 52 57 67 57 65 53 59 9 59 52 72 96 57 57 17 50 57 52 57 59 77 96
15 63 26 71 61 50 54 99 69 19 50 1 55 77 15 62 78 67 63 55 61 18 88 54 88 55 77 54 59 41 59 81 59 71 62 52 50 63 53 18 21 54 60 69 65 61 34 54 50 59
47 96 68 73 42 11 53 59 60 42 55 68 35 57 55 68 52 52 68 75 68 79 98 60 68 84 59 3 59 40 42 99 58 68 93 10 88 35 68 22 99 11 38 50 61 59 59 52 68 68
53 59 54 34 1 54 59 2 50 17 54 61 50 1 59 54 58 17 54 96 59 11 52 52 59 53 54 59 52 9 33 80 54 50 72 53 61 53 53 53 93 54 53 54 52 59 10 53 59 52
81 43 53 57 57 59 33 52 53 52 52 59 54 53 75 98 42 75 65 53 63 52 59 32 67 50 53 55 42 52 78 62 31 99 99 53 53 94 63 32 75 6 53 68 55 25 33 52 53 75
12 53 59 52 56 52 1 68 56 1 52 67 52 1 1 11 56 47 53 68 53 52 53 53 10 1 41 52 1 1 64 59 56 1 1 90 84 56 86 56 89 75 1 67 53 1 67 52 53 52
49 49 32 65 79 63 50 49 43 63 61 63 50 59 58 78 15 54 63 27 58 58 82 31 52 79 10 91 82 75 54 54 58 78 61 50 54 56 53 81 75 53 53 24 56 54 7 63 63 54
59 57 53 36 53 57 82 57 64 53 57 71 57 59 57 57 52 59 57 59 64 57 57 57 59 55 59 57 55 57 52 91 57 57 57 53 55 53 52 52 70 64 57 59 16 24 59 52 68 59
66 31 66 76 54 32 83 53 76 93 76 32 44 76 55 43 26 99 53 33 63 71 61 61 77 54 54 76 63 93 52 30 66 32 53 55 33 28 46 58 58 71 58 53 54 66 30 53 44 28
78 62 34 52 19 22 65 84 17 74 11 52 86 65 92 44 20 62 63 5 62 74 21 62 24 74 80 69 33 30 78 54 74 74 95 4 64 54 94 32 34 44 52 1 1 2 74 20 6 53
