22 22 9 30 11 22 30 23 30 22 22 5 22 30 31 30 22 20 8 8 13 22 22 30 22 2 23 22 7 30 30 22 30 3 26 22 5 22 30 30 30 1 35 20 39 31 23 30 30 30
13 32 12 24 32 37 34 4 32 39 31 30 25 13 32 37 32 13 12 25 12 32 22 37 3 13 24 25 24 38 24 25 25 20 13 30 20 32 12 13 32 34 30 39 13 32 33 24 22 25
20 8 24 30 22 7 8 30 8 34 8 26 25 24 25 8 38 25 25 8 8 8 25 22 20 25 20 29 22 29 20 29 25 29 24 22 34 25 25 25 34 22 20 24 6 24 31 29 8 29
14 38 38 39 24 33 23 25 23 33 30 24 25 33 24 33 3 22 34 29 33 14 24 34 23 26 33 23 19 26 27 23 24 22 23 32 39 34 33 39 3 24 24 14 7 23 14 33 33 17
27 22 22 31 22 31 26 7 31 30 31 35 22 31 23 32 17 26 6 31 13 31 32 38 31 31 16 38 32 26 17 24 26 37 22 26 31 22 31 31 31 31 31 16 17 31 14 28 26 32
28 22 30 22 20 1 20 38 22 22 30 20 30 20 2 22 20 22 22 30 20 20 1 16 20 18 30 22 30 2 22 30 22 2 22 22 20 3 1 30 26 12 22 22 22 20 20 8 20 20
29 23 12 9 23 32 6 37 11 35 22 12 16 24 24 23 35 17 22 23 25 22 25 4 11 38 18 25 22 25 17 27 12 12 27 23 23 24 12 31 23 23 4 2 22 25 25 12 5 23
23 7 32 29 15 22 5 14 7 37 23 23 28 12 29 29 1 31 32 1 34 23 23 14 23 2 29 29 1 28 28 29 39 28 32 23 6 23 22 16 11 25 23 36 36 29 29 14 28 29
22 29 23 24 24 22 23 24 23 23 29 22 8 30 26 32 23 24 28 24 27 27 26 29 25 22 34 30 23 24 23 30 23 7 23 23 22 23 24 2 22 24 24 22 26 23 25 27 32 7
10 22 25 22 23 22 23 23 29 23 23 22 22 34 22 34 22 9 22 22 23 22 34 23 16 23 22 22 17 1 16 36 23 34 16 22 23 23 6 22 16 3 22 23 13 23 22 23 23 16
23 23 23 31 22 22 23 22 22 35 20 35 35 22 11 30 4 32 24 39 13 27 30 30 18 39 23 35 30 30 22 1 23 23 23 30 23 23 20 25 18 22 23 26 39 11 22 23 22 18
36 24 24 22 26 24 22 26 31 24 24 24 22 22 22 22 22 24 24 24 22 22 22 24 22 22 8 22 23 22 22 24 24 24 3 22 24 22 22 24 23 22 22 14 24 24 22 24 22 24
18 23 24 36 6 23 30 28 28 30 23 30 24 25 28 26 28 26 27 36 24 30 18 26 18 23 14 38 30 38 23 26 36 26 23 23 37 24 27 6 23 26 6 28 24 38 34 15 26 33
33 22 35 34 38 22 3 23 29 34 2 28 8 10 27 23 29 36 23 31 23 27 34 23 3 1 32 29 4 3 12 13 32 27 22 23 34 29 11 23 11 19 11 27 23 34 22 37 35 27
28 26 27 5 22 22 27 22 22 18 20 6 22 24 12 22 25 22 24 24 20 12 5 1 27 24 24 33 25 22 22 24 27 24 5 6 27 24 28 22 14 18 27 24 22 22 13 27 23 24
1 24 1 28 24 24 32 28 24 33 27 20 22 28 26 2 29 12 10 22 22 1 20 28 32 28 28 1 32 28 29 24 1 1 24 28 2 33 29 22 1 1 26 3 27 20 34 24 33 29
23 2 23 2 22 26 19 39 22 23 2 2 24 26 24 2 22 13 24 9 23 22 23 1 9 1 22 2 22 26 2 22 22 23 22 34 22 23 23 23 26 22 23 24 23 2 23 24 23 22
26 6 16 28 24 3 24 22 24 36 36 24 23 24 24 24 23 24 24 24 24 25 4 6 22 33 29 24 25 22 23 3 28 18 24 24 29 9 4 6 22 31 23 24 17 24 24 6 6 3
39 11 24 22 30 34 28 28 23 27 37 30 30 1 27 28 24 28 1 25 11 28 22 28 28 34 34 1 24 9 32 1 32 28 34 30 1 2 23 1 28 2 23 23 24 28 16 28 24 28
28 22 22 22 16 3 29 38 6 28 6 23 37 37 31 28 28 31 11 14 23 29 6 28 33 28 39 28 22 36 33 28 31 23 14 30 3 24 3 28 39 36 29 28 33 12 30 28 23 6
37 22 22 37 28 37 22 22 22 3 37 28 22 37 37 37 22 37 37 32 28 14 37 3 37 37 37 22 22 37 22 37 8 37 22 37 37 29 37 37 3 22 37 37 25 37 22 22 3 3
27 9 6 23 27 20 34 20 25 38 34 26 2 26 25 37 4 26 20 1 23 4 20 20 6 27 16 27 23 20 35 26 6 3 23 2 4 22 26 6 26 22 10 26 20 6 22 27 23 6
14 23 24 22 25 4 22 6 26 29 24 28 15 26 35 33 24 22 23 26 26 26 29 22 33 26 29 26 32 29 33 26 29 20 29 22 26 26 32 33 5 26 22 33 17 22 26 15 26 14
23 22 23 15 23 23 22 11 22 29 4 23 23 11 23 22 12 9 1 31 23 23 22 22 23 25 22 35 22 23 31 12 30 23 38 4 35 22 23 23 19 23 22 23 23 22 23 5 23 23
2 14 8 24 24 27 22 25 22 24 15 27 24 24 37 22 23 3 13 27 25 24 27 37 27 31 1 27 27 25 22 27 26 15 23 12 24 27 31 24 39 31 22 27 24 27 26 24 24 24
20 6 8 36 12 38 36 20 26 12 29 24 24 20 17 5 26 33 13 6 6 26 24 13 3 20 16 31 20 20 32 20 15 20 25 20 24 20 20 13 26 36 20 28 24 30 20 20 9 3
19 23 33 13 33 19 20 20 22 22 33 38 16 3 26 24 22 33 24 23 26 22 22 23 22 23 16 23 16 16 25 30 14 23 22 2 22 23 38 1 27 1 23 19 23 23 24 25 16 26
31 29 28 28 31 22 8 31 31 22 2 31 31 8 26 32 31 4 5 32 31 31 22 22 8 39 34 12 34 22 34 22 22 28 14 31 1 22 22 22 22 29 22 22 31 22 23 22 12 26
22 23 34 22 24 12 34 11 34 25 7 28 31 34 7 28 34 22 22 26 4 27 33 22 28 25 22 7 22 34 8 24 24 24 34 37 3 22 22 36 22 34 24 33 8 7 18 17 11 24
23 32 25 14 9 23 23 26 24 22 22 32 23 22 23 26 8 29 12 26 31 14 22 22 23 31 31 23 22 13 35 19 22 26 23 34 23 24 26 29 26 23 26 5 19 13 28 31 24 27
24 9 19 37 19 23 24 24 24 7 19 25 33 35 24 18 22 24 30 24 5 13 23 23 18 28 25 9 35 24 18 24 24 7 2 38 6 33 25 14 1 11 22 20 9 24 23 6 22 7
33 26 27 27 22 9 25 23 23 25 23 1 27 27 23 30 10 23 23 25 36 33 23 20 23 36 3 10 27 36 22 25 25 23 29 16 5 15 10 1 37 33 10 25 23 37 33 23 23 25
33 23 24 22 27 22 22 13 19 27 22 23 16 22 23 22 24 22 23 22 22 27 37 23 22 19 22 23 23 22 23 23 22 23 31 23 23 22 37 23 22 24 23 22 22 22 22 39 24 22
38 28 15 23 20 25 28 22 27 22 28 26 28 26 4 19 28 28 30 20 38 19 20 15 20 20 13 8 20 28 26 20 23 23 37 23 17 11 22 22 23 20 22 28 28 38 20 23 27 12
10 22 9 20 22 30 24 22 12 12 22 27 12 28 22 37 22 22 22 31 22 33 33 25 12 22 12 23 25 33 28 23 7 33 9 33 7 22 12 22 36 28 27 23 33 23 22 22 17 31
20 25 18 20 20 29 20 22 23 30 15 20 31 1 29 3 20 24 24 34 23 34 25 20 23 23 33 20 20 20 20 20 20 20 20 2 23 24 26 13 24 20 23 33 26 1 33 34 24 26
8 31 37 1 7 31 4 28 8 36 35 34 1 23 1 30 35 28 35 31 11 23 1 25 7 26 33 25 22 36 27 28 23 38 35 8 25 23 36 28 35 28 31 35 35 1 37 30 35 26
22 24 3 24 33 24 24 33 10 34 24 24 35 22 34 22 22 34 38 22 22 24 24 36 34 34 34 34 35 14 34 15 6 25 24 23 26 34 24 34 9 35 10 23 38 30 36 23 16 1
2 1 23 30 36 13 34 27 24 13 2 31 4 12 36 33 27 20 24 31 34 34 34 34 23 33 34 34 16 33 2 29 30 34 14 31 33 22 1 34 26 30 31 24 31 32 34 30 16 30
25 22 1 24 12 25 24 22 11 24 28 20 22 22 18 14 29 25 28 27 7 6 25 37 36 28 12 29 28 29 28 15 28 30 24 28 28 20 25 28 10 29 24 28 28 1 8 28 10 28
23 22 22 23 23 22 23 23 22 22 23 23 23 22 23 22 22 6 23 24 13 23 25 23 22 18 23 22 23 23 36 22 23 36 6 22 23 22 22 24 28 37 23 23 22 32 23 24 23 23
14 9 31 29 15 15 34 32 30 31 24 18 20 18 17 36 18 15 14 20 32 38 29 31 34 30 19 15 32 15 14 36 28 35 28 20 15 18 12 27 10 22 34 39 23 30 29 15 24 15
29 29 19 29 22 29 29 22 9 16 22 29 29 22 22 3 29 19 19 22 29 29 18 22 25 22 29 29 22 34 29 29 29 29 17 16 19 22 22 15 22 31 22 32 29 29 29 29 22 29
20 1 35 28 22 28 14 15 11 11 1 22 22 20 11 15 2 22 32 20 20 20 20 11 25 20 1 20 11 32 1 20 20 29 9 19 20 3 20 1 34 24 32 1 15 20 20 20 35 32
34 30 5 23 30 30 30 30 36 30 30 35 24 30 30 22 30 24 30 1 5 26 24 39 39 26 30 23 30 23 23 1 23 1 30 30 34 30 1 26 24 30 30 28 16 1 1 26 1 23
5 17 35 36 39 26 27 20 33 22 20 22 20 39 5 20 23 20 22 27 39 17 20 35 5 20 5 30 20 5 22 24 30 20 30 28 35 20 33 24 17 26 20 32 36 20 20 22 20 38
23 35 30 27 23 2 26 22 36 31 23 36 30 22 22 22 23 23 22 23 23 23 23 1 23 2 23 3 23 22 23 22 23 23 22 23 25 23 23 23 28 23 23 23 20 5 30 36 36 20
23 23 20 19 23 31 22 23 31 23 20 20 23 23 23 22 13 23 23 23 23 31 31 22 23 23 20 24 20 23 22 23 20 23 9 23 26 23 31 31 31 23 20 22 22 20 19 22 20 22
20 25 20 27 28 31 36 23 8 20 28 36 36 20 22 32 7 28 1 9 22 23 27 7 28 25 20 25 12 36 1 20 12 36 36 25 32 7 26 27 7 1 25 25 20 20 26 35 26 25
27 27 28 27 22 27 22 23 27 22 27 27 27 33 27 22 22 23 22 27 27 22 27 27 27 23 27 33 27 31 27 27 34 28 27 29 28 22 27 27 27 12 22 28 33 34 28 23 28 22
30 19 3 29 29 28 29 3 37 27 37 29 24 23 2 12 27 36 37 3 13 16 24 29 27 13 37 25 1 2 25 7 37 17 25 25 2 29 23 4 3 27 25 23 18 27 9 36 37 32
22 8 24 24 24 11 24 24 26 23 22 24 22 24 17 22 29 24 38 31 29 24 38 24 24 38 26 24 24 28 23 3 34 24 22 34 34 26 38 17 24 22 24 38 20 34 24 26 23 12
4 24 26 4 26 22 28 22 26 26 22 26 26 22 22 26 33 39 11 26 29 1 26 22 26 4 26 26 4 22 26 4 26 26 26 26 32 22 1 16 33 22 8 22 22 4 23 1 39 26
23 11 22 36 20 20 27 20 22 24 10 20 20 11 28 23 20 24 20 24 22 20 27 10 23 23 23 20 20 11 39 30 22 30 22 20 5 24 4 36 3 20 30 15 2 10 22 5 24 20
38 35 34 22 34 34 34 34 24 39 19 34 34 22 22 22 26 31 34 30 34 38 31 34 34 34 34 32 39 20 22 34 22 22 28 34 34 34 22 34 38 34 22 22 31 22 38 38 38 22
11 13 5 5 20 20 20 28 20 5 14 27 28 23 14 11 20 28 22 28 23 20 13 20 23 5 28 20 28 13 3 32 20 20 5 20 23 5 27 27 20 3 29 13 38 28 25 23 26 38
23 22 22 26 23 12 26 23 10 22 23 17 22 22 23 22 23 23 22 16 22 23 39 22 22 23 16 23 23 10 22 23 22 23 26 16 23 23 27 23 23 22 22 23 9 23 16 9 23 22
20 31 31 24 23 31 27 28 37 30 24 32 24 22 24 22 22 27 32 24 13 32 24 31 22 24 31 12 31 37 22 32 23 24 24 24 22 24 18 18 32 23 18 27 28 30 28 30 30 22
5 6 1 3 31 23 31 23 1 28 34 13 37 27 13 31 23 1 19 23 26 22 7 27 1 1 23 17 4 23 27 1 1 31 31 31 27 23 31 34 33 26 31 31 5 27 37 1 31 8
9 4 29 1 33 1 31 27 23 34 26 28 1 26 35 1 8 25 25 1 25 23 34 34 20 2 27 28 34 1 33 30 23 22 34 31 25 28 34 23 1 1 1 23 25 33 1 13 33 1
25 19 20 36 22 20 30 22 20 26 22 18 37 22 20 4 22 20 22 31 16 26 22 22 22 28 20 17 20 22 20 6 22 28 36 3 22 36 36 19 22 25 20 13 22 11 22 22 25 20
34 24 33 5 34 19 23 12 20 12 25 32 19 34 22 22 22 27 24 34 1 5 33 22 26 20 34 23 22 24 6 22 24 26 26 22 20 34 19 24 24 22 23 1 22 22 23 30 22 19
33 20 22 28 22 26 22 23 23 32 25 36 22 25 23 34 13 5 23 37 13 13 3 6 13 30 13 23 22 13 13 25 23 13 2 22 22 13 30 26 32 25 25 28 26 1 24 26 22 13
25 27 23 23 26 28 18 26 23 20 25 23 22 20 26 28 27 26 26 23 23 26 37 20 34 27 28 22 28 23 5 20 22 23 30 28 26 27 23 26 26 23 18 26 23 26 26 28 20 26
29 31 24 2 24 24 24 34 22 2 22 31 22 38 39 24 24 30 24 22 24 28 24 24 31 24 14 14 24 13 24 24 9 24 15 22 14 28 24 24 22 22 22 20 22 22 22 12 15 28
31 32 31 22 38 5 32 5 24 20 11 24 25 31 19 12 5 12 11 31 31 32 24 31 24 6 5 31 32 28 32 12 17 23 1 26 24 5 24 25 25 24 25 39 33 13 32 38 22 25
32 32 32 32 33 37 32 22 13 37 7 14 15 29 27 33 32 37 22 4 27 26 22 3 22 30 32 13 24 20 39 39 39 17 24 26 13 32 13 14 24 24 20 26 39 31 29 32 13 32
11 11 28 27 9 34 22 24 37 11 38 34 17 8 33 9 38 34 14 38 22 8 11 38 34 8 24 12 34 5 27 34 38 14 11 27 38 24 34 22 37 17 7 31 23 38 14 26 38 13
33 24 24 22 22 5 5 22 26 22 11 22 22 26 22 17 26 30 9 15 16 22 26 26 16 16 26 26 26 16 27 5 26 16 10 17 16 24 24 24 26 16 22 26 26 26 22 16 17 25
24 23 16 28 15 23 39 24 23 29 31 11 22 22 28 23 26 26 25 20 23 28 23 1 15 31 27 23 25 23 22 28 11 23 23 23 26 12 28 26 25 25 23 23 23 25 22 1 22 22
24 27 33 4 23 27 22 23 37 22 22 22 27 38 24 23 16 23 23 33 24 23 34 24 16 29 32 37 22 27 24 20 22 23 20 33 7 24 24 16 24 24 27 7 23 24 27 23 26 6
5 38 24 34 34 20 30 34 24 25 34 27 27 24 27 23 37 23 5 11 24 12 3 24 34 10 25 28 23 24 24 4 34 27 24 23 28 23 23 24 34 34 24 34 34 2 24 14 23 24
20 20 32 12 20 12 5 17 22 4 13 9 32 27 14 4 27 23 20 27 23 20 20 38 27 33 38 24 35 20 32 28 5 20 27 12 27 22 31 12 20 23 20 28 27 30 24 20 23 22
1 31 22 22 22 23 22 22 22 23 23 22 20 23 25 22 23 23 30 18 22 23 23 32 15 22 27 2 17 20 22 22 2 14 22 25 22 4 23 23 6 22 22 22 39 23 1 22 2 22
6 22 29 25 1 20 18 34 25 19 25 24 24 10 24 24 34 24 29 10 29 29 19 29 29 25 29 1 29 25 1 23 18 1 29 24 29 29 26 10 26 34 29 23 23 29 24 29 25 3
22 27 26 22 27 11 27 29 38 34 10 11 32 25 25 4 22 32 22 22 22 27 19 39 24 11 31 39 27 27 34 25 35 22 11 14 22 27 19 14 26 26 1 31 24 33 31 29 35 27
23 33 34 3 12 19 27 27 23 23 26 33 22 27 22 30 22 25 20 27 22 7 33 27 27 39 23 32 15 26 33 4 27 23 15 32 22 7 33 12 5 39 23 7 33 23 33 27 27 39
29 8 29 1 1 10 25 30 18 36 30 25 29 30 26 24 25 29 7 8 25 33 26 1 6 29 27 23 9 38 36 29 12 30 24 9 16 32 26 36 39 14 36 24 17 12 30 36 14 6
23 1 23 22 20 29 34 22 22 1 27 22 23 34 28 23 38 15 22 23 23 23 1 22 34 23 20 23 23 32 38 17 23 22 23 22 16 22 22 25 23 22 1 23 23 28 22 35 35 20
22 13 30 27 7 12 15 10 32 1 29 1 25 20 25 25 32 29 12 22 29 36 3 20 5 25 12 12 23 11 29 22 36 24 1 32 25 1 33 29 20 20 12 24 13 16 5 12 32 13
23 15 4 6 24 22 27 34 31 34 39 4 3 31 3 5 37 23 1 2 30 39 34 31 6 22 5 31 22 1 5 37 18 33 34 7 4 39 34 2 37 27 31 34 22 5 1 4 34 5
6 30 25 34 25 34 10 1 24 34 23 17 34 3 39 26 37 31 27 34 26 27 23 22 24 30 27 30 1 11 26 19 22 18 7 31 31 24 18 24 10 34 23 24 37 24 17 36 25 9
16 18 7 25 27 38 30 34 34 20 34 18 25 25 25 18 25 19 34 18 27 12 25 25 24 17 27 35 11 34 25 11 16 5 36 30 30 30 37 34 26 32 30 27 12 30 33 32 18 30
34 23 30 14 35 29 26 23 31 22 31 22 33 29 22 27 33 34 19 20 12 33 28 23 1 28 23 5 27 14 33 29 22 35 4 24 28 23 28 24 23 23 3 14 22 14 14 1 34 19
18 32 22 34 25 22 29 39 32 18 4 1 22 19 16 22 1 25 26 29 26 29 18 4 22 1 1 39 32 18 32 33 28 18 22 33 32 22 30 20 25 30 1 33 22 32 22 22 1 20
31 28 25 23 27 35 32 23 17 22 37 24 22 9 27 13 1 32 24 29 36 23 26 19 26 34 36 13 22 12 34 26 37 12 12 36 12 1 17 12 12 37 28 27 36 36 19 26 18 38
28 29 31 31 31 32 22 25 25 22 31 2 31 31 7 22 22 24 12 28 37 31 31 31 29 5 27 31 33 31 25 31 22 39 33 31 22 23 31 35 38 31 7 24 23 22 31 15 22 37
22 28 29 26 26 14 14 11 1 35 23 23 22 24 26 30 1 24 13 24 24 1 24 14 22 12 33 29 14 29 14 32 24 24 22 24 27 9 29 14 14 34 1 29 22 14 27 1 24 36
29 28 26 26 23 26 1 23 38 2 29 22 2 24 26 9 1 22 24 30 22 1 26 18 24 26 2 13 2 24 23 15 23 1 28 26 22 30 1 1 29 23 26 24 26 25 22 13 22 38
22 36 13 28 24 15 23 9 15 14 23 19 1 23 33 23 22 36 37 15 23 25 23 30 15 28 14 23 33 22 26 37 37 11 39 25 37 23 28 15 22 23 15 28 15 15 15 36 15 22
8 1 8 23 24 39 29 25 24 8 24 23 8 25 20 28 24 26 24 20 23 1 1 24 32 23 33 38 23 8 31 20 24 8 8 7 24 32 7 24 32 24 23 23 20 25 24 23 30 7
24 27 33 27 22 32 32 24 27 39 24 1 24 3 3 22 28 22 27 39 10 25 24 22 30 39 39 32 22 27 38 22 3 22 22 32 33 24 32 34 2 25 39 24 28 39 27 22 39 24
12 24 12 19 19 22 23 22 35 23 23 23 23 23 36 23 23 23 23 6 23 23 23 2 24 32 1 19 22 22 26 22 23 22 12 24 22 23 10 22 22 23 23 22 23 22 23 24 27 22
32 1 22 30 23 22 31 30 28 28 28 23 29 1 23 1 9 23 1 32 22 30 1 29 22 22 28 23 32 35 10 19 28 1 22 6 9 8 29 1 23 30 6 1 1 28 23 24 28 38
20 39 16 26 31 26 16 16 39 25 14 33 5 16 35 35 39 6 20 38 33 39 37 13 39 39 39 15 27 39 19 26 39 6 16 16 39 39 39 29 9 25 19 6 12 1 23 8 24 20
1 32 14 28 27 4 23 23 22 26 30 24 22 8 12 38 14 15 34 26 13 39 5 30 25 25 22 9 22 23 20 8 14 4 9 36 1 5 39 23 8 38 15 1 14 27 12 14 9 5
1 35 22 26 25 37 1 22 26 1 22 20 19 23 26 16 26 23 25 23 17 23 37 26 11 16 23 33 25 23 26 26 35 1 26 23 26 34 1 26 28 11 1 26 23 15 19 20 23 38
27 20 29 27 24 30 38 15 16 9 10 29 29 23 4 27 30 29 22 30 24 15 24 29 28 34 11 29 10 16 24 29 23 27 39 16 16 27 31 29 37 15 3 23 23 16 5 11 16 11
24 26 10 26 22 26 10 23 27 1 23 25 29 10 26 10 26 24 25 10 26 24 25 1 10 23 26 10 1 25 25 10 10 14 26 23 28 8 14 24 26 8 8 26 15 9 10 23 23 10
25 20 10 26 9 9 23 25 8 26 25 1 28 23 36 25 36 22 8 36 10 22 25 26 23 26 34 8 30 22 27 10 25 27 26 26 25 25 25 29 25 10 22 10 23 25 23 26 10 26
