56 76 92 52 57 53 70 92 52 57 9 18 57 56 52 80 73 14 53 56 57 57 56 17 57 58 57 57 80 53 78 53 56 56 56 57 56 57 81 53 57 36 90 60 76 1 64 57 67 57
61 65 27 55 70 4 45 53 62 50 61 61 55 7 45 58 81 70 53 70 52 52 61 55 5 61 44 70 70 62 62 94 46 52 61 70 47 45 37 73 65 53 44 39 67 61 44 52 45 65
52 69 54 54 71 30 55 94 94 50 59 62 58 64 11 71 93 94 61 66 73 59 93 71 53 28 54 30 67 48 66 70 30 60 52 55 52 75 94 18 55 73 13 94 73 95 75 17 73 5
56 73 52 50 73 74 77 73 21 77 9 57 68 98 53 50 16 98 95 57 57 73 55 73 95 26 15 21 92 55 39 15 56 57 52 50 52 64 99 90 23 99 57 52 73 90 56 21 65 56
35 56 56 52 53 56 52 78 77 1 56 52 53 91 87 3 52 52 23 56 83 52 91 56 56 52 56 78 56 56 56 3 70 56 56 56 98 56 92 56 56 52 56 67 23 52 52 52 52 52
55 52 53 53 60 7 13 60 49 94 60 55 52 58 94 29 60 70 63 60 60 98 53 59 74 72 71 53 60 74 39 55 21 63 98 94 55 39 74 55 70 80 56 52 60 60 74 63 60 53
67 31 52 4 52 73 52 68 38 67 53 67 67 86 52 92 73 71 53 78 71 85 82 52 53 71 96 67 73 52 73 10 67 76 52 73 73 67 73 52 21 53 52 70 73 35 80 29 23 52
96 61 57 65 59 67 44 60 54 54 54 53 52 64 60 54 61 54 13 44 45 31 4 54 87 68 83 62 83 63 32 68 54 63 7 52 31 54 49 87 41 87 52 54 54 52 54 50 61 54
1 56 10 52 45 69 56 77 52 21 37 69 53 52 56 52 56 58 52 56 63 52 53 75 54 64 56 66 56 54 41 56 52 53 56 63 56 63 62 55 52 50 65 56 94 52 56 52 84 56
52 55 53 90 54 53 59 35 59 53 69 66 90 9 54 52 53 59 7 53 53 53 59 88 52 91 52 55 36 52 53 53 54 55 54 53 53 59 52 52 1 54 72 57 53 99 53 53 27 52
64 10 11 55 52 55 52 52 40 55 59 52 52 71 52 55 18 81 9 52 61 66 52 64 85 8 6 67 67 54 55 55 15 66 17 62 12 52 16 67 55 55 10 40 56 17 62 16 88 17
68 66 52 27 83 56 27 55 49 56 52 56 47 62 68 74 52 59 67 4 56 56 68 56 97 56 72 49 62 52 73 88 68 52 56 56 85 52 38 72 85 17 89 52 52 60 69 2 17 72
55 58 93 91 53 58 74 58 69 71 89 68 74 55 86 56 53 53 58 79 17 18 89 21 61 65 68 65 68 68 55 53 62 58 56 55 37 53 52 52 53 53 54 23 66 68 96 53 91 86
7 61 37 1 53 1 56 53 1 1 84 56 35 1 1 21 1 1 37 2 56 1 10 56 87 62 53 87 53 63 61 53 52 1 37 10 1 53 58 53 53 1 58 1 63 60 1 96 52 37
54 49 66 52 54 76 52 54 53 54 54 53 55 88 53 54 56 70 52 6 94 61 52 53 61 52 52 54 54 53 94 54 83 61 86 26 70 27 54 52 53 54 3 43 52 52 54 15 76 54
58 23 52 49 77 57 52 10 54 11 23 39 52 85 81 54 77 54 63 39 52 53 40 56 71 56 34 53 55 53 53 56 57 62 83 57 55 55 41 40 98 53 54 54 75 93 85 52 53 47
47 8 36 94 12 72 56 52 27 52 73 73 54 30 45 90 56 59 52 63 54 59 59 59 27 52 59 59 53 56 94 52 52 68 52 94 67 58 78 59 27 2 15 53 78 60 81 20 59 63
14 55 50 57 1 14 55 57 52 58 1 53 61 50 2 53 14 52 2 61 53 55 57 37 50 52 92 53 57 61 14 14 61 52 14 98 57 58 50 21 58 82 58 16 14 52 14 28 53 55
52 52 37 64 56 12 52 56 52 5 65 96 89 54 58 71 48 64 39 52 40 52 46 52 35 56 54 52 52 54 41 24 13 16 54 5 82 54 54 38 52 52 64 84 39 54 69 60 64 12
56 53 5 74 74 55 75 52 68 75 75 85 56 63 44 75 74 58 67 53 68 57 94 56 5 89 65 5 8 65 75 63 45 81 55 6 63 56 20 81 44 31 63 75 85 68 75 81 55 77
54 52 58 54 74 57 87 53 65 79 53 62 13 52 52 55 90 62 52 55 52 12 62 71 54 62 54 32 2 89 55 57 62 40 62 58 54 32 52 62 62 40 53 55 3 33 62 62 54 77
53 99 55 53 32 12 52 80 52 53 53 67 60 32 52 29 53 53 52 55 67 52 67 55 52 52 83 52 53 33 67 53 55 55 53 13 52 84 52 52 53 77 52 85 82 83 53 52 67 53
58 58 84 15 55 77 52 74 50 73 55 29 13 61 55 23 52 96 76 4 96 53 62 58 55 55 54 76 55 36 58 65 81 73 76 53 23 96 58 3 55 4 28 58 74 43 55 29 86 55
64 53 52 45 54 57 53 54 75 54 75 83 53 53 53 53 53 46 93 53 57 52 56 53 54 85 69 84 52 82 57 53 53 57 54 56 53 53 53 53 44 56 54 64 75 53 80 53 58 48
25 68 60 8 76 95 18 1 67 20 25 66 90 52 29 87 68 30 54 53 36 30 52 87 36 54 56 61 69 1 69 20 36 37 60 90 98 20 15 66 1 66 93 74 56 45 8 70 94 32
54 54 35 57 52 70 56 1 96 76 2 54 45 56 54 54 54 52 34 52 54 52 79 47 82 54 54 54 57 52 52 52 54 52 56 52 54 54 54 76 58 59 52 92 1 13 54 69 52 54
55 56 1 55 66 57 92 60 55 92 60 53 48 55 33 29 56 53 16 92 92 74 57 59 53 53 60 55 79 57 65 60 84 21 57 79 62 55 56 73 17 57 53 71 60 21 53 62 56 52
52 76 60 56 52 52 53 87 57 52 53 53 61 59 58 59 53 58 9 65 52 53 52 40 38 58 50 59 59 80 66 58 52 52 52 40 6 57 53 64 59 59 59 57 58 76 92 58 52 74
52 86 22 83 93 64 52 50 56 50 56 55 56 52 52 22 56 56 56 60 37 56 56 50 52 56 1 65 48 56 65 56 52 17 54 50 52 59 49 14 14 53 56 52 56 77 60 65 17 14
53 53 64 52 53 60 55 52 52 74 3 55 63 52 92 60 63 52 52 53 52 61 52 12 61 86 53 53 52 53 61 77 53 65 28 82 53 3 49 53 52 53 60 61 67 71 53 60 53 58
76 11 12 78 86 63 76 85 86 63 76 76 76 55 52 29 52 86 64 44 61 76 48 79 76 76 76 85 23 76 72 28 14 86 66 85 72 76 56 18 76 57 76 55 78 52 76 85 57 78
65 96 55 65 66 10 55 52 98 92 68 74 98 52 65 65 52 65 96 52 65 87 55 71 77 7 86 65 87 69 59 65 10 65 7 92 68 52 64 68 65 65 87 68 65 55 12 10 65 50
53 58 16 53 18 76 16 13 53 62 54 53 79 29 52 8 11 98 88 29 52 61 54 69 66 76 71 54 66 54 76 29 14 32 65 3 16 71 22 54 8 52 80 55 17 98 55 53 91 17
59 78 53 52 84 62 53 63 53 45 50 78 52 53 58 52 53 46 31 87 33 73 62 52 53 53 52 52 53 53 53 76 53 73 53 53 53 53 60 67 53 32 53 54 73 52 66 56 31 52
88 58 71 55 55 6 57 2 55 53 71 52 52 54 52 71 54 55 57 54 52 61 69 53 71 57 6 6 66 55 61 57 52 65 52 25 57 71 53 37 53 71 5 74 71 67 54 81 17 55
5 61 57 73 74 1 61 64 69 61 56 53 60 42 61 48 61 13 65 22 36 49 67 1 42 56 56 56 59 64 1 59 53 82 82 56 48 56 34 53 64 61 1 61 66 9 61 56 30 61
73 3 58 13 20 65 55 58 52 87 3 65 1 58 31 92 55 52 57 55 55 52 65 70 84 58 58 14 65 30 55 65 53 55 62 74 52 73 58 57 65 87 89 58 53 55 55 58 55 65
66 55 7 53 75 70 70 70 60 60 54 64 58 70 1 55 64 13 54 42 60 13 1 48 75 56 53 13 70 75 56 70 1 70 70 13 60 56 1 7 66 79 10 57 80 56 60 66 60 70
58 4 93 58 55 85 7 85 93 65 95 77 17 53 25 55 93 55 64 7 77 65 56 55 53 65 8 65 93 88 65 98 65 14 65 93 22 65 33 65 8 14 90 85 65 27 57 28 65 61
56 56 60 52 52 76 68 60 90 53 50 90 56 53 76 56 71 67 41 52 67 88 89 82 53 62 93 67 11 62 59 91 89 53 60 62 60 56 56 99 60 52 53 54 62 56 76 8 53 83
66 52 84 72 52 26 50 72 99 14 29 72 75 15 86 72 72 66 14 10 10 72 72 44 10 52 59 52 13 53 52 52 27 52 53 72 52 57 53 14 72 72 52 75 99 72 63 52 72 53
59 89 72 59 61 63 59 62 64 4 57 61 63 54 81 4 54 53 58 81 63 57 66 90 54 63 63 3 54 73 59 55 53 57 56 55 35 83 4 54 54 54 49 11 5 84 59 84 69 33
33 54 80 48 52 54 93 54 93 94 20 54 54 70 61 52 93 80 73 55 54 52 68 52 54 54 52 33 61 54 60 94 57 54 52 52 58 19 54 44 52 89 52 80 63 57 20 54 54 52
53 53 52 52 93 79 93 72 60 54 56 79 63 52 87 52 49 52 43 55 52 41 50 43 24 60 67 79 52 97 87 52 50 53 56 93 50 41 85 91 79 53 67 50 60 52 52 53 53 79
53 52 71 38 83 44 88 71 59 74 73 57 71 57 55 55 66 3 66 66 55 53 59 71 2 71 57 53 57 53 65 58 57 65 68 55 71 92 55 55 44 55 57 99 57 53 38 55 57 77
65 76 64 56 63 66 54 58 55 65 50 58 50 56 53 76 52 50 58 50 54 50 56 16 56 79 33 8 64 94 54 56 54 79 43 66 56 64 12 18 91 27 56 64 54 50 50 5 52 99
60 44 68 68 68 52 71 52 68 65 68 65 68 66 53 68 60 61 53 53 68 65 52 96 71 52 96 44 49 52 58 70 68 60 71 55 56 68 60 60 20 68 61 65 71 52 53 75 52 71
58 53 89 86 59 58 9 57 58 11 57 56 58 28 59 65 4 59 60 64 64 35 64 56 75 56 57 64 86 57 65 57 58 78 78 65 58 89 53 58 56 72 58 58 64 64 89 9 15 64
53 96 60 53 61 61 68 44 55 61 60 43 64 55 61 61 26 41 61 53 83 60 66 61 70 55 60 60 54 66 73 41 40 54 60 90 30 60 63 55 64 73 66 44 61 96 70 55 60 70
37 6 60 11 67 65 63 64 85 65 65 53 70 58 70 63 60 58 85 67 36 57 70 67 57 60 56 60 70 70 70 66 56 60 56 83 60 78 50 81 36 85 61 58 52 67 74 60 52 60
55 59 53 53 71 57 69 53 80 59 55 56 59 53 59 53 71 53 65 69 53 59 53 55 53 87 53 56 53 59 98 57 14 69 74 97 57 64 59 64 53 57 57 60 58 57 55 98 53 53
75 89 53 53 52 53 85 53 22 89 82 85 85 85 56 97 85 54 24 71 87 40 82 8 82 82 65 79 82 79 85 82 89 22 65 53 53 82 60 36 69 55 61 67 73 85 85 89 79 74
52 99 52 52 78 54 54 52 42 65 54 57 66 56 32 66 42 58 67 54 52 54 54 54 34 42 54 52 53 52 77 63 95 39 58 52 66 57 54 53 52 63 97 54 55 91 42 22 3 52
76 4 29 55 60 65 56 1 21 65 53 3 65 55 55 65 65 65 57 56 65 19 65 65 55 56 76 65 62 53 85 85 55 53 53 53 53 85 65 76 55 62 76 55 65 77 65 65 42 85
60 50 64 61 64 74 94 28 74 33 72 23 32 74 65 29 61 27 32 21 55 64 55 81 74 33 66 74 62 90 60 60 74 74 39 65 77 66 86 46 60 81 74 24 55 34 60 20 9 80
87 61 76 61 84 83 59 55 59 28 61 57 18 19 64 28 92 55 15 73 57 84 61 79 28 61 59 54 77 15 84 22 61 57 28 53 55 53 72 61 62 71 23 28 54 16 45 76 54 84
66 15 53 82 67 18 66 58 83 66 58 52 56 55 99 66 46 66 65 52 52 28 54 54 14 95 55 57 55 50 95 59 55 52 53 82 66 55 14 49 47 56 64 53 61 95 53 45 84 55
67 58 92 52 61 41 20 54 49 64 52 42 43 33 42 52 65 81 67 18 61 48 97 61 63 39 65 79 61 84 67 61 95 49 61 64 44 52 54 61 61 48 52 64 20 67 83 40 44 88
65 65 55 59 68 59 41 54 54 65 12 55 44 41 11 27 10 57 52 57 91 69 99 36 65 12 61 99 59 10 69 65 55 99 65 11 54 47 52 70 60 11 53 7 65 26 57 55 54 54
46 67 52 59 84 52 6 6 67 69 52 59 65 53 59 65 59 67 59 65 52 65 19 67 65 69 93 42 65 52 65 59 21 95 56 56 73 63 56 67 56 4 59 65 65 65 65 4 53 66
61 61 52 52 52 63 57 4 61 63 60 1 46 61 91 52 61 61 52 60 61 61 61 61 49 61 52 38 52 92 53 29 52 61 53 53 4 61 52 15 54 61 4 52 38 63 99 91 54 46
50 64 68 28 66 29 48 71 50 66 79 82 74 64 28 49 50 68 57 36 49 56 19 57 66 57 50 50 53 19 56 49 73 16 68 12 52 35 76 57 66 48 68 85 65 54 16 61 2 50
52 46 52 55 93 58 65 41 54 59 74 44 59 12 54 97 65 59 76 97 65 46 59 74 5 37 59 16 52 56 89 60 65 52 52 57 64 58 95 97 52 67 62 76 10 74 68 52 61 87
52 55 52 52 52 52 18 52 52 52 95 52 52 55 52 55 52 55 55 55 52 67 74 55 52 52 55 52 55 52 29 96 67 90 55 55 55 52 18 52 52 52 52 95 29 55 52 55 52 52
79 56 67 56 13 57 67 66 53 38 57 16 29 55 10 67 56 69 91 55 55 65 56 87 56 57 53 73 86 53 56 46 58 56 67 6 53 15 56 55 56 55 91 75 55 86 54 56 54 4
78 1 41 59 55 9 56 41 55 55 5 16 60 57 1 69 1 60 55 73 71 56 56 79 54 55 55 77 41 60 55 55 57 52 57 1 55 55 41 1 55 66 52 1 69 78 52 33 55 49
52 79 64 87 6 57 8 53 76 86 53 61 86 69 56 55 54 28 64 53 21 83 86 54 86 47 86 9 76 54 31 53 14 91 21 86 48 61 19 61 53 61 6 21 79 48 28 29 57 89
52 34 53 52 53 53 54 58 52 52 55 52 86 61 23 49 56 64 64 52 52 52 53 53 52 86 34 53 63 56 61 78 52 72 52 61 85 61 24 55 63 52 64 52 52 52 52 57 53 53
2 1 52 67 50 65 55 37 52 94 1 53 14 59 88 74 84 74 65 52 61 50 55 52 53 88 56 59 29 74 17 1 57 11 88 77 54 53 64 50 71 6 88 54 47 59 74 53 59 60
56 33 50 66 65 52 73 50 57 96 58 58 74 13 56 56 41 65 30 98 76 36 77 29 65 83 65 66 87 56 97 62 4 83 34 60 50 17 25 72 56 56 55 87 87 82 55 79 73 41
52 59 97 79 83 54 54 56 72 72 24 59 43 60 86 31 52 59 72 72 55 91 27 59 65 93 52 29 59 54 55 9 52 55 63 5 72 59 59 72 93 75 54 73 59 63 96 54 88 55
54 52 52 57 56 56 27 52 53 11 52 79 52 63 55 90 54 78 54 19 61 52 52 63 52 13 50 79 9 56 63 69 52 79 63 52 12 52 54 78 52 13 56 13 65 52 63 78 52 8
64 59 64 40 19 56 95 79 75 64 52 54 54 76 79 75 75 76 53 64 46 24 29 57 19 53 13 54 54 53 53 56 79 96 82 56 54 54 46 56 57 60 85 56 56 57 54 52 52 75
52 93 83 70 93 60 66 49 49 37 60 93 65 93 52 50 65 15 15 93 60 93 69 64 95 31 3 52 65 93 4 60 93 65 65 11 60 93 93 68 75 60 8 65 95 41 65 44 65 57
55 55 42 60 54 79 96 60 25 55 42 66 56 1 60 36 66 66 66 52 42 72 55 66 55 9 89 60 56 98 4 60 55 9 42 66 79 42 62 75 79 85 98 21 34 53 79 60 66 53
7 53 56 52 86 52 52 71 73 56 57 55 70 75 55 94 56 86 55 52 60 55 55 53 52 52 59 55 52 56 79 61 36 90 56 56 55 55 19 85 52 56 52 94 55 10 52 56 55 52
73 63 54 67 57 68 15 52 6 57 52 54 78 53 54 58 63 68 73 82 68 72 68 66 57 54 72 67 25 36 73 57 53 52 57 59 58 82 54 93 57 57 63 63 63 73 62 58 52 66
11 1 69 8 69 52 89 59 87 90 60 69 81 52 66 97 63 10 32 94 63 64 52 54 69 63 71 12 55 14 55 9 14 53 89 88 52 69 97 69 58 85 84 63 80 52 9 59 69 23
20 5 62 57 57 57 56 30 72 54 20 56 20 57 56 32 53 84 53 91 77 55 54 54 34 20 53 20 54 72 61 10 56 57 28 49 72 57 57 93 56 58 57 20 20 20 53 52 58 95
9 56 62 61 66 65 52 61 52 52 59 54 41 54 61 52 61 52 61 62 52 61 67 59 52 2 52 52 44 61 61 61 61 44 81 74 52 44 2 64 62 66 52 3 19 74 1 88 61 44
50 82 72 50 72 80 17 63 21 78 50 54 14 63 59 77 86 50 49 12 63 92 50 19 32 63 72 56 9 27 76 63 72 72 72 72 59 64 56 53 54 77 84 72 72 44 73 64 50 50
90 69 53 39 53 55 39 4 77 79 55 16 18 16 37 55 60 18 66 66 74 73 59 14 73 77 73 53 74 39 15 69 66 59 53 21 73 65 55 64 67 61 55 67 73 11 31 66 67 55
60 55 78 47 23 52 30 54 52 94 61 91 52 55 72 68 22 5 35 52 45 73 74 78 73 84 64 54 59 78 91 60 65 32 54 48 12 74 30 78 35 60 6 6 52 6 48 52 31 88
23 16 59 6 71 9 90 21 28 64 54 74 23 63 72 52 96 21 9 66 22 71 21 52 59 89 32 53 52 64 78 56 81 71 55 76 64 59 52 56 92 81 8 18 49 9 52 71 9 53
53 68 28 54 20 89 22 99 58 56 54 54 1 55 59 79 96 73 47 99 68 30 92 54 58 21 31 79 56 66 84 68 59 31 56 41 52 54 9 50 4 52 59 90 82 52 68 31 58 98
98 83 99 55 58 24 53 53 72 75 55 98 53 69 53 10 55 90 53 98 53 11 98 57 98 98 52 1 13 58 98 27 52 24 98 48 53 68 53 55 67 83 97 98 72 53 72 55 53 98
60 54 15 1 74 52 74 1 43 52 94 86 68 84 96 63 73 79 52 52 77 53 60 74 74 74 74 63 74 74 52 74 63 63 32 43 52 54 52 50 74 75 72 93 52 34 32 76 74 63
56 56 56 53 54 57 54 60 52 60 77 52 83 25 34 56 56 56 56 56 56 77 56 52 56 89 56 57 56 52 55 25 56 57 56 54 35 56 56 73 55 33 88 57 57 60 52 57 35 56
91 52 52 57 52 52 52 57 52 57 52 52 57 57 85 57 52 57 49 52 52 57 91 52 52 57 52 60 52 52 52 57 50 52 75 52 57 52 57 57 52 57 5 57 52 52 74 52 57 57
53 97 56 83 55 98 53 56 68 55 56 59 63 59 55 56 53 56 56 59 53 55 54 49 53 32 67 55 58 55 52 88 91 59 87 46 55 3 52 74 67 52 76 67 53 56 55 82 98 53
80 79 56 52 6 59 61 91 52 58 52 59 57 66 52 69 59 64 55 54 80 19 66 69 59 90 59 52 66 24 69 67 24 64 58 64 64 65 64 55 64 91 58 58 58 68 64 80 52 50
65 57 11 53 53 76 55 53 52 52 57 52 53 57 54 53 96 55 52 12 57 54 64 34 69 53 74 55 34 54 53 82 53 77 82 5 59 53 54 21 57 39 57 7 97 77 35 52 65 54
52 59 82 59 35 58 54 18 52 84 78 64 87 78 12 75 78 74 68 7 52 13 11 74 59 84 94 69 66 29 69 12 11 77 52 7 69 10 61 69 12 52 54 38 42 64 24 53 41 25
49 69 68 17 88 50 55 54 88 52 92 6 47 55 57 52 11 47 52 52 9 21 92 88 83 53 48 12 17 52 24 55 47 48 53 53 23 12 92 88 53 53 56 88 53 24 50 52 96 96
50 25 1 50 50 35 50 1 63 50 50 50 52 1 64 50 52 40 75 50 53 12 53 72 64 52 52 52 50 1 53 64 63 56 72 17 78 72 50 57 68 50 37 18 52 52 52 66 50 50
53 80 89 26 71 98 67 58 56 53 71 95 52 56 98 46 52 95 52 52 98 53 53 92 52 52 52 71 71 53 53 53 44 71 53 71 98 52 17 27 52 56 3 95 71 71 56 53 53 16
77 54 56 61 73 73 61 41 53 55 1 73 55 73 73 77 64 64 11 53 1 56 73 73 37 58 54 64 53 97 32 73 73 53 78 12 90 32 59 73 73 53 79 55 16 55 73 81 73 81
52 79 26 54 52 54 52 54 52 54 54 23 56 52 54 54 57 32 54 54 52 54 28 62 56 22 32 62 54 28 54 54 52 28 67 56 23 63 54 52 63 81 59 52 57 54 28 59 52 54
52 53 54 90 68 48 53 78 99 20 76 56 59 57 1 57 76 53 57 53 76 54 59 13 84 53 1 65 90 59 1 76 60 57 60 1 76 74 76 96 88 57 57 45 90 57 1 1 3 13
61 95 98 70 96 76 75 89 52 60 72 80 4 67 53 77 26 21 60 79 61 93 89 76 52 35 35 69 49 98 60 89 75 96 98 61 76 53 53 98 57 4 69 52 54 96 96 53 34 4
