102 134 161 103 102 157 188 102 117 148 114 151 134 145 157 117 102 134 136 117 134 117 133 100 7 103 102 134 117 117 117 117 193 117 154 168 153 31 103 134 72 188 117 117 32 117 117 103 117 147
106 69 106 95 104 105 126 104 106 103 105 102 94 118 105 110 104 135 106 145 93 24 100 116 46 106 124 104 108 106 102 69 123 106 104 193 105 105 197 104 110 126 107 116 123 152 105 156 117 104
127 129 190 110 110 107 102 111 142 115 25 105 127 127 102 104 106 143 133 106 115 102 36 106 102 107 25 2 116 1 191 112 85 85 107 102 106 105 126 2 176 106 85 127 100 51 115 115 126 108
143 109 25 106 132 122 6 115 102 110 148 81 51 124 110 110 127 104 149 106 149 102 110 102 105 117 136 47 122 44 104 102 33 115 51 103 102 91 102 108 103 106 121 104 103 104 105 109 104 58
104 102 184 168 72 137 130 2 105 188 66 116 103 14 132 139 119 126 145 102 184 187 104 10 108 145 102 102 1 69 126 102 105 160 66 102 10 108 116 42 123 82 104 171 42 139 105 114 108 102
103 102 123 20 103 103 103 49 102 112 91 108 123 103 123 12 103 132 108 103 146 123 136 100 146 103 103 53 132 103 103 82 137 102 173 102 105 108 102 132 103 123 141 19 184 116 92 132 150 147
179 102 2 25 148 34 113 126 139 114 102 104 122 136 106 104 104 144 119 1 150 134 128 102 102 10 106 148 120 142 103 136 102 145 115 91 61 104 147 114 119 24 104 44 132 155 44 106 119 140
102 144 167 102 102 124 122 167 176 79 3 102 141 86 157 170 67 104 183 199 104 104 174 9 141 79 113 192 173 104 79 44 185 113 113 104 102 79 118 130 130 102 133 104 141 133 120 104 171 113
103 63 98 45 151 1 172 114 102 1 127 138 127 78 78 110 82 121 39 2 104 1 164 115 103 113 179 104 109 189 116 110 126 113 7 160 138 90 82 82 109 4 193 109 1 108 110 132 108 102
118 107 103 122 111 100 111 107 127 111 110 150 113 104 70 110 167 125 107 113 107 110 115 39 103 3 126 100 107 180 113 152 123 114 195 49 102 18 86 107 154 110 123 99 122 145 11 178 102 104
102 102 107 102 120 105 102 169 60 127 102 77 105 102 102 102 107 102 190 105 102 102 102 20 102 105 105 102 102 105 105 105 105 102 105 36 105 105 183 102 108 105 107 123 102 105 89 190 102 120
102 127 105 162 113 105 111 113 111 174 105 113 103 176 111 105 104 6 174 104 103 113 1 142 112 105 112 183 111 13 3 130 102 104 104 79 111 104 102 160 100 113 113 111 103 111 111 102 143 105
1 18 30 108 7 102 112 140 1 1 1 42 110 1 72 131 23 1 136 1 132 104 108 128 159 73 116 166 103 102 77 104 129 128 161 102 108 106 166 123 109 102 124 1 104 102 103 59 78 102
105 102 141 102 148 173 105 141 141 141 102 102 141 105 130 1 102 102 102 141 141 141 141 102 104 102 141 59 141 141 102 141 102 141 141 102 141 198 141 102 102 105 105 102 102 141 198 105 102 141
154 108 96 126 120 116 102 134 117 102 77 129 105 186 1 111 102 111 127 103 105 127 46 112 16 102 111 102 66 129 30 13 119 111 102 105 105 106 67 107 105 77 102 154 111 47 112 154 66 134
107 105 105 106 102 107 107 107 106 21 107 118 73 106 136 113 103 119 143 151 113 107 106 188 102 144 111 183 107 107 106 102 105 107 65 26 107 103 74 114 113 105 103 107 62 106 153 105 107 111
147 50 131 104 112 125 107 103 104 131 106 108 179 80 147 111 131 105 117 102 52 71 136 179 80 105 106 111 105 106 103 104 39 69 103 102 108 131 105 103 102 102 105 102 52 104 174 103 115 102
27 119 68 118 110 107 106 172 151 104 112 148 63 77 5 134 111 27 110 149 5 174 148 128 153 76 54 85 118 158 106 58 134 126 160 108 75 106 190 118 51 153 186 33 118 108 192 190 115 62
96 111 108 111 119 7 123 163 111 174 108 163 118 111 32 171 23 144 26 67 135 103 118 159 139 159 64 103 114 103 163 163 183 159 159 118 113 110 163 111 64 149 158 7 138 108 118 124 44 129
141 135 108 11 71 117 105 185 117 102 102 105 190 130 156 126 117 79 122 117 117 187 54 177 130 167 130 122 131 110 130 110 117 105 117 117 135 145 130 104 117 105 117 117 168 124 130 104 63 105
106 104 27 115 109 104 102 162 109 107 109 105 114 105 102 102 102 125 107 115 102 91 103 91 107 54 127 158 28 113 19 107 112 104 113 115 113 103 102 9 104 148 171 102 102 115 109 137 104 107
118 118 118 53 83 105 90 152 49 166 118 17 166 118 166 166 140 8 103 109 199 166 105 83 118 103 83 108 185 122 115 150 96 127 155 164 166 118 103 118 113 185 166 155 137 109 83 166 83 91
103 102 102 83 156 121 110 103 105 189 105 102 17 105 110 103 109 126 103 122 104 116 102 105 104 104 104 119 103 102 110 103 103 17 103 103 103 109 104 103 107 112 103 19 173 102 105 103 103 100
69 103 123 142 117 103 103 69 123 133 104 109 102 121 115 153 63 121 63 94 102 128 124 179 24 83 124 102 163 94 129 103 164 103 130 102 136 102 134 104 121 122 133 121 103 103 104 119 163 158
142 30 125 115 180 108 57 119 180 112 125 128 184 108 180 125 187 115 180 115 110 125 127 108 111 104 110 115 180 146 106 105 127 106 112 180 108 108 108 125 119 108 150 180 166 104 108 164 169 110
125 125 123 118 103 102 102 114 107 109 129 123 33 103 173 114 114 49 115 109 129 115 104 183 1 133 160 102 181 129 129 106 106 115 198 128 103 120 106 4 104 28 115 129 115 7 100 102 129 106
103 103 84 98 128 131 108 105 111 131 46 103 107 37 81 6 130 106 113 128 91 130 161 131 9 58 122 185 47 80 23 127 118 128 107 25 153 194 184 156 126 130 117 92 189 46 9 11 131 176
108 129 145 108 103 117 103 40 18 107 110 125 28 129 146 180 107 104 104 103 108 108 102 117 128 40 108 104 106 111 104 107 108 103 116 104 148 159 112 108 123 108 103 104 132 107 103 103 107 108
123 102 190 151 102 123 105 102 105 110 102 102 105 102 120 133 102 122 50 169 110 105 121 102 198 105 115 105 102 102 115 4 102 190 105 140 105 102 105 105 105 190 127 190 102 104 193 102 125 19
109 112 126 106 126 122 28 149 112 126 111 122 65 4 4 109 122 109 117 184 143 151 66 109 104 149 128 16 111 104 106 111 108 106 147 108 108 112 103 151 126 109 144 156 164 143 106 105 122 106
107 106 128 105 26 15 103 109 125 105 190 107 105 104 124 116 132 104 134 105 161 111 125 116 106 65 128 132 105 128 128 147 58 109 9 17 105 105 193 108 128 108 118 102 139 106 128 109 104 109
106 111 26 108 111 98 102 133 122 166 102 111 184 104 102 106 98 98 29 110 122 105 108 98 102 41 118 141 62 133 143 127 108 108 133 111 108 122 10 108 103 57 133 112 102 108 170 104 49 108
105 105 102 105 105 102 176 102 102 61 142 105 102 103 105 105 105 102 43 102 102 38 111 102 114 102 102 105 102 102 98 41 102 105 105 102 103 105 105 102 102 195 102 104 58 102 105 102 102 105
107 107 130 107 102 110 125 188 107 107 107 175 125 107 107 102 107 187 102 107 107 102 107 110 102 102 105 107 107 107 172 107 107 102 39 35 181 172 110 102 122 125 108 107 113 102 55 107 107 102
81 109 49 148 179 187 89 119 122 104 25 105 33 119 25 88 179 68 105 142 161 110 172 128 109 159 112 153 190 187 108 109 105 128 140 93 55 64 105 108 187 133 17 158 125 104 19 125 128 120
167 95 138 103 72 112 105 105 159 125 173 37 65 199 103 53 112 57 105 106 21 106 119 119 105 102 102 105 37 150 105 112 117 164 105 108 108 102 69 112 108 103 102 37 105 175 105 128 108 133
102 16 102 104 141 188 102 115 174 115 102 103 106 148 130 115 104 189 115 71 115 37 115 110 45 115 130 141 91 115 102 115 163 115 18 72 102 174 102 102 113 109 37 115 175 157 130 115 63 115
96 111 31 10 102 29 110 111 162 111 111 126 110 115 100 58 29 110 102 75 110 10 102 21 102 111 111 110 115 10 173 83 36 125 111 124 111 109 173 109 149 102 102 118 110 185 109 111 9 124
106 143 137 111 8 82 106 147 128 20 137 104 186 104 33 127 8 8 110 111 144 40 9 130 178 111 166 196 102 108 178 171 14 29 175 14 196 94 185 172 9 64 104 110 104 40 110 107 148 132
170 107 102 105 108 116 126 172 105 76 28 28 160 170 107 109 85 2 105 168 36 162 96 116 102 102 194 117 163 108 152 75 108 63 112 165 111 75 121 103 105 106 123 112 112 29 119 194 102 113
103 126 105 111 125 143 105 105 133 195 168 136 111 100 188 87 105 106 62 103 116 103 110 106 196 100 27 87 114 187 143 168 105 155 27 105 105 133 139 151 133 143 62 171 100 105 146 105 105 126
105 13 156 114 18 103 116 31 105 116 150 131 131 57 116 12 13 102 104 102 131 116 111 126 44 175 22 116 57 47 116 194 102 156 137 184 126 102 126 119 126 150 103 35 103 104 19 140 126 13
113 109 105 160 59 149 119 106 104 113 110 111 104 113 153 106 102 102 106 23 106 66 160 69 90 161 66 106 112 106 104 153 107 44 143 129 106 184 143 113 160 143 113 104 122 129 24 106 129 105
102 103 86 137 46 121 117 63 143 106 124 125 103 117 187 110 44 102 103 172 149 151 139 113 103 114 46 108 138 110 106 136 106 103 110 132 110 104 141 113 63 106 110 106 162 102 102 131 102 102
173 92 119 153 142 105 115 140 105 103 105 103 13 123 153 105 120 57 120 105 105 104 142 103 105 27 138 140 105 138 105 189 120 105 105 105 153 103 153 103 126 63 153 119 105 153 103 105 119 153
26 102 102 102 173 83 124 58 134 102 12 58 134 105 104 102 121 134 105 134 123 92 134 5 134 135 62 111 152 134 134 57 102 168 165 102 134 125 107 102 11 35 152 125 109 173 158 173 144 102
103 45 175 102 129 106 102 146 134 146 138 111 134 153 55 149 115 186 146 169 134 22 111 134 106 167 142 188 155 104 103 106 21 160 111 134 62 133 134 102 62 140 62 102 149 174 150 179 103 111
118 176 102 80 115 106 106 139 102 107 107 104 62 86 115 123 122 191 102 106 115 115 102 127 102 139 115 104 85 100 151 112 1 80 107 151 139 129 102 102 92 24 62 105 92 115 102 102 102 107
160 105 112 118 18 140 156 126 160 32 16 27 103 153 104 124 128 153 153 43 104 44 139 136 160 117 139 124 133 124 160 120 104 178 116 102 143 136 183 143 107 178 158 16 110 107 105 146 124 139
102 102 140 180 102 108 52 108 116 180 105 117 145 104 117 78 117 106 117 142 117 105 52 105 114 103 43 102 117 119 117 102 180 129 52 66 117 63 117 66 111 178 117 117 110 108 56 105 143 127
40 106 118 24 31 106 103 106 65 104 102 103 103 103 104 102 103 104 50 24 103 102 103 102 102 118 104 106 104 103 103 106 106 103 133 106 104 77 104 106 103 103 106 103 104 104 106 159 102 104
108 111 100 129 105 106 111 106 104 129 9 122 105 124 148 111 167 147 92 116 177 105 196 114 49 166 102 138 105 18 104 63 100 173 105 83 105 66 31 100 155 102 125 49 140 121 106 102 109 170
119 103 18 104 30 102 102 102 104 103 104 102 35 104 102 102 104 102 104 158 134 102 112 108 108 112 112 104 104 104 100 104 137 104 102 193 102 102 111 102 28 183 104 115 54 146 102 104 108 104
114 103 110 102 110 102 85 36 169 103 102 103 123 106 84 114 106 132 114 189 91 114 113 117 106 91 126 132 132 109 104 102 102 109 103 110 102 103 49 156 106 134 109 113 102 103 122 103 46 103
95 66 120 132 111 181 81 199 121 113 125 103 135 161 102 72 95 135 112 55 95 150 94 136 72 113 56 110 125 105 41 81 107 113 115 61 36 105 104 104 132 179 32 94 132 170 106 105 33 104
106 102 124 134 112 196 111 106 156 128 41 105 105 78 5 142 105 153 124 124 168 105 111 105 108 104 128 124 154 104 56 102 174 116 174 120 102 104 168 183 107 120 102 104 120 153 105 128 186 55
122 140 103 142 102 103 103 102 103 122 102 138 108 72 140 164 72 122 115 103 102 102 103 123 117 102 77 109 117 117 142 39 149 129 103 103 102 134 124 132 85 132 122 165 102 96 178 134 99 102
167 58 102 102 113 102 145 109 45 109 125 167 109 186 102 49 72 60 166 84 2 109 40 135 180 38 90 123 123 109 63 109 113 106 167 154 173 125 139 176 138 109 102 135 112 113 109 163 109 171
102 131 106 150 146 117 115 177 108 136 102 123 79 103 134 102 126 106 152 123 49 106 122 109 103 102 106 154 134 162 146 103 107 146 145 122 110 146 150 103 162 143 146 80 47 106 145 142 186 117
120 103 120 105 163 103 105 103 4 111 197 198 154 38 155 1 169 95 198 185 52 47 100 15 108 185 104 1 169 42 111 120 1 24 109 115 111 1 108 102 83 104 1 80 112 159 108 120 1 106
115 120 109 109 1 125 124 110 113 109 157 122 116 103 13 113 111 15 176 4 107 113 15 109 122 147 109 110 10 171 120 95 110 104 110 15 102 154 109 109 152 15 35 65 125 109 145 107 15 113
90 154 110 190 75 106 131 122 133 181 111 132 66 189 109 107 82 144 132 188 105 66 111 148 119 66 131 135 119 175 109 152 91 100 108 116 66 127 54 98 147 130 137 109 121 175 136 8 188 175
115 131 105 106 112 130 105 198 78 117 144 112 198 112 106 62 17 106 106 107 130 144 100 170 112 103 108 93 107 100 157 106 161 65 105 106 145 112 120 108 118 115 62 78 131 128 145 102 74 103
102 102 104 74 102 102 129 173 104 104 104 104 102 148 102 102 104 148 102 186 1 56 104 102 104 112 104 123 104 105 142 107 102 104 34 142 102 102 110 105 104 104 103 102 142 183 13 104 104 104
103 145 115 86 102 172 103 104 107 115 103 103 102 115 103 60 102 102 143 27 136 86 102 115 136 103 103 115 102 117 103 19 103 103 103 103 28 136 102 103 115 102 115 102 102 19 117 102 102 190
98 109 194 177 122 113 125 125 128 42 125 161 44 175 113 125 44 140 131 118 138 192 55 116 107 145 161 44 98 165 129 82 161 159 161 136 159 185 122 116 44 145 159 118 36 72 128 102 44 161
1 105 117 153 16 157 86 18 52 35 117 195 104 159 183 118 125 112 112 55 184 105 159 93 105 119 119 127 192 102 108 119 145 80 183 162 8 106 118 157 109 114 105 106 117 148 137 102 109 117
135 118 129 135 194 14 6 108 197 157 33 108 35 90 118 127 185 168 68 127 102 105 110 179 105 110 108 168 135 162 3 14 105 108 17 108 122 168 166 168 121 48 184 18 113 102 137 113 175 108
149 77 108 144 103 102 103 12 103 132 83 103 88 59 103 121 107 103 103 105 102 147 154 138 102 36 107 125 125 132 103 108 132 102 66 96 110 105 12 106 67 2 67 12 37 138 103 22 105 128
119 119 102 127 163 175 106 127 9 127 136 119 81 86 110 32 110 114 111 27 105 175 108 128 75 10 104 117 186 127 127 110 165 15 171 150 146 122 119 187 102 105 110 127 105 119 127 110 119 122
109 104 103 103 152 103 163 130 100 103 102 104 105 127 105 103 168 109 104 105 191 102 78 104 109 105 118 105 117 106 158 154 104 104 81 109 104 111 102 104 103 130 104 111 102 104 111 119 103 104
32 193 92 112 102 78 177 102 115 42 109 43 160 102 104 114 113 107 33 113 102 113 149 86 112 113 112 34 22 48 102 113 159 76 118 118 163 147 35 77 102 55 106 180 113 136 124 115 5 136
11 116 109 107 125 198 136 85 159 136 109 157 102 103 106 131 126 110 109 57 102 114 111 187 126 106 103 103 103 122 106 105 43 68 145 125 113 107 126 161 107 105 129 112 125 57 51 113 120 170
137 134 188 112 112 194 166 75 123 107 34 181 102 112 102 35 198 160 175 110 109 102 102 115 102 123 91 104 123 154 54 104 139 137 138 160 112 124 105 123 104 35 102 102 123 34 81 103 111 123
135 61 108 96 114 49 105 141 105 114 111 55 105 132 116 147 114 116 105 113 106 114 105 116 150 111 160 29 107 104 100 55 150 141 104 104 114 166 105 133 140 114 159 104 114 123 1 118 103 114
102 102 121 105 123 102 56 106 108 97 102 56 106 108 109 102 106 167 15 105 27 102 148 156 157 105 103 133 102 105 105 102 109 105 163 62 102 120 65 111 179 102 80 106 102 114 109 116 65 108
119 110 19 24 1 178 104 95 107 109 12 149 125 103 106 109 6 130 51 130 7 11 119 102 104 130 191 122 109 143 128 107 6 65 130 104 108 122 143 2 143 55 45 18 125 10 122 104 122 104
103 49 35 105 102 193 123 102 103 102 104 13 103 103 102 170 163 103 42 128 1 1 103 103 103 103 33 117 118 103 102 128 102 130 102 103 117 168 102 69 103 44 196 149 133 44 105 26 191 1
132 107 114 107 20 118 102 172 144 164 189 110 122 112 132 102 33 102 102 164 161 102 109 132 132 22 20 19 102 132 104 114 132 56 103 22 106 112 153 132 132 102 133 132 122 110 33 60 115 65
104 168 114 105 111 116 130 1 167 167 107 111 132 111 129 104 136 112 141 102 181 107 111 102 111 1 79 111 103 111 116 109 116 111 111 27 158 151 103 135 149 104 103 102 1 167 175 103 111 132
119 137 102 198 62 106 75 108 105 112 105 105 106 120 184 136 119 115 196 111 170 106 61 84 102 116 24 62 140 105 8 106 131 75 2 102 130 105 7 111 109 105 102 105 2 127 106 102 127 102
107 102 123 41 106 80 155 107 110 102 50 106 50 98 191 133 106 110 102 64 107 114 115 115 152 122 147 106 165 119 108 123 121 147 106 104 37 124 116 138 167 98 115 107 121 108 106 105 107 103
133 64 181 103 103 124 14 63 103 102 115 106 103 124 90 149 137 191 133 37 103 102 102 20 124 54 103 87 149 100 103 102 141 102 3 37 63 93 106 95 90 37 37 102 48 171 97 23 37 129
105 103 51 127 109 16 52 167 112 90 113 102 157 17 98 106 112 17 47 113 106 182 106 102 127 90 46 105 122 110 127 47 136 127 144 124 106 110 196 122 174 107 85 142 127 74 17 127 182 127
107 142 107 108 102 102 104 108 135 15 162 131 143 157 16 125 184 123 135 108 82 102 91 108 103 111 85 108 186 149 187 135 108 95 103 115 135 75 111 30 186 83 107 137 149 108 86 110 185 147
102 103 108 103 102 103 108 103 102 131 108 102 102 103 102 107 77 102 197 62 129 107 103 35 103 102 103 185 103 102 102 113 112 102 77 103 103 103 102 10 102 102 106 27 102 103 141 103 112 143
175 132 140 148 116 173 17 120 138 20 19 116 105 105 173 131 89 173 123 121 115 105 129 195 116 170 173 60 115 126 148 115 139 147 113 40 148 196 32 171 105 162 152 116 104 52 132 46 104 104
90 138 134 119 103 103 32 161 5 7 66 48 102 154 103 90 122 86 154 102 162 120 122 30 154 103 28 57 103 122 103 90 9 162 102 102 124 162 47 83 103 103 30 103 103 184 9 103 154 112
58 184 103 143 2 129 126 187 110 109 187 133 127 1 189 1 90 109 93 93 125 102 93 113 109 87 144 103 43 113 2 87 187 109 109 93 128 103 128 122 113 136 71 103 127 93 187 128 117 116
111 127 127 128 185 195 111 141 87 127 104 53 109 127 136 87 117 118 111 165 127 117 48 103 111 127 103 114 195 113 110 110 111 162 132 77 111 162 123 87 102 127 172 128 102 196 132 127 111 180
104 102 188 167 102 102 102 130 102 113 98 105 29 110 102 102 43 69 102 133 62 106 104 147 102 104 105 80 106 83 111 160 104 121 105 126 102 114 111 162 130 102 153 83 140 80 104 121 102 128
103 108 104 134 104 104 81 181 117 84 108 102 103 133 150 103 104 102 85 53 109 104 106 104 102 109 102 102 95 27 104 117 150 103 102 104 104 133 129 108 108 49 103 104 103 105 150 174 104 104
102 108 110 110 130 102 160 110 138 102 110 106 102 102 102 110 82 110 58 195 108 110 112 106 110 7 195 110 102 102 106 103 168 110 116 111 53 194 110 108 177 110 110 77 130 102 58 110 10 107
88 103 103 117 102 157 102 108 103 102 34 119 134 103 110 154 102 157 157 117 123 5 155 157 103 95 134 108 123 116 58 110 103 157 194 104 102 102 103 121 151 116 6 102 131 103 193 123 134 103
105 102 102 105 117 181 105 102 105 189 118 105 102 109 118 115 102 105 105 102 102 105 102 102 105 102 105 105 105 102 105 105 102 102 105 117 105 103 105 105 11 105 105 105 105 199 102 105 102 102
180 102 110 106 107 107 102 107 107 102 107 110 103 106 107 107 52 100 107 107 86 103 137 106 104 82 80 139 110 108 102 107 117 184 139 130 108 72 12 163 103 104 116 106 187 6 114 173 102 7
113 109 134 104 104 109 104 175 163 163 195 102 68 17 7 104 113 191 125 163 163 174 104 160 117 121 172 104 163 107 110 61 104 6 129 68 173 102 102 174 174 174 102 15 105 6 104 113 118 140
102 120 65 169 120 104 111 132 103 129 122 195 70 109 104 27 20 132 102 103 106 158 69 103 76 47 132 3 129 113 80 41 102 103 92 21 1 132 171 112 120 109 122 181 120 114 106 107 129 169
104 102 102 194 105 102 1 127 88 106 65 104 129 102 1 104 23 176 65 102 104 85 1 77 105 153 102 1 92 191 102 104 1 102 24 1 120 89 1 110 140 102 1 105 194 137 123 22 104 68
177 80 108 115 67 102 105 95 6 177 102 177 126 131 63 102 48 177 177 104 89 102 102 102 128 103 102 102 177 177 122 146 177 102 133 69 105 102 102 177 122 105 112 102 177 102 74 102 115 104
