307 307 307 190 302 302 302 302 302 302 307 307 302 307 315 307 321 304 302 519 307 307 302 320 388 399 312 321 307 307 302 307 312 440 307 370 302 307 302 307 307 307 326 304 96 302 307 23 315 368
303 305 303 482 356 318 314 340 312 303 317 305 189 348 1 303 530 274 314 306 356 348 302 302 272 303 317 312 356 356 356 311 356 401 355 272 313 302 282 463 305 366 505 306 348 356 586 305 348 302
402 362 315 189 547 302 309 302 302 393 315 307 309 377 309 408 382 147 386 130 307 302 307 339 456 302 310 309 331 405 376 307 19 123 316 302 307 351 309 302 405 332 308 309 440 302 310 27 376 315
311 437 449 356 303 437 437 345 356 357 345 313 343 536 401 384 306 304 74 304 99 84 303 303 300 300 411 311 300 300 449 300 323 304 304 155 303 560 300 399 327 446 499 305 278 305 300 345 322 356
328 443 443 310 79 304 307 360 362 336 38 357 342 371 331 282 303 443 328 303 379 310 324 430 216 311 328 348 316 323 557 347 362 328 320 320 307 305 227 316 421 343 485 379 481 377 320 304 307 304
305 305 497 469 305 313 67 314 342 319 371 310 424 305 559 332 313 305 352 236 332 456 305 177 500 104 348 310 307 134 305 306 330 404 304 429 305 349 429 529 395 305 310 305 76 340 309 303 417 316
533 488 333 488 302 351 311 7 309 302 305 329 214 314 302 308 214 214 353 320 302 214 333 440 375 312 304 317 322 358 496 314 306 302 314 308 303 488 308 429 425 324 308 306 308 308 321 415 386 306
446 394 374 314 421 307 487 308 302 303 307 452 309 365 330 332 416 311 304 303 456 487 242 310 303 577 5 277 208 419 257 309 482 421 320 183 304 325 311 381 347 278 309 594 314 356 342 310 388 336
383 319 309 296 324 320 314 304 318 305 302 314 314 324 494 311 331 323 302 311 355 305 487 304 324 314 315 316 336 39 314 352 404 337 392 404 324 337 305 449 314 319 319 311 318 140 319 324 352 324
343 315 358 483 314 395 326 314 311 307 244 302 67 303 316 320 445 518 1 554 465 276 422 360 66 315 67 303 256 326 527 315 420 450 334 501 527 343 343 306 314 527 315 312 316 302 362 82 332 511
313 138 304 161 414 378 387 497 330 154 311 305 515 312 371 168 557 377 341 522 307 375 238 305 327 2 305 305 382 194 591 371 486 347 320 371 305 154 361 308 480 254 308 351 479 247 303 320 320 400
344 388 69 317 419 443 308 415 318 307 582 506 442 84 375 126 366 582 173 305 442 324 305 308 378 302 317 391 567 305 386 378 456 320 410 85 305 412 305 362 319 395 579 311 43 447 383 305 306 295
176 591 303 269 475 166 302 285 405 303 306 11 303 304 327 528 317 312 489 567 407 312 475 367 303 325 303 310 317 405 303 302 160 302 383 350 329 312 528 313 302 323 304 378 303 526 404 310 361 68
354 61 72 310 473 300 313 395 349 302 304 493 554 330 303 339 317 329 313 120 307 422 378 346 302 386 73 339 304 304 310 307 304 224 389 396 304 73 310 311 307 309 304 404 313 127 313 138 412 302
353 305 305 303 303 303 375 496 303 344 321 454 322 302 308 297 111 357 519 454 302 111 332 302 302 303 309 405 303 303 302 351 348 315 503 308 309 343 314 314 302 80 302 302 380 326 303 238 302 148
328 398 592 303 535 312 592 337 456 58 305 535 345 6 304 312 314 305 160 309 335 372 326 335 302 302 484 311 312 304 512 372 305 302 309 129 305 90 129 334 295 312 312 305 592 129 303 456 302 327
303 133 329 363 365 329 363 302 380 365 194 329 302 302 302 302 217 329 375 302 332 302 345 293 409 302 416 160 589 374 329 94 307 302 302 217 302 302 239 519 335 306 333 428 311 329 302 414 329 394
549 423 58 310 404 393 404 454 348 328 363 164 339 487 390 355 304 404 322 303 321 381 404 192 310 404 551 402 322 290 364 366 363 303 303 303 404 321 43 287 303 404 544 154 354 404 339 302 423 337
590 83 320 274 421 330 321 372 307 371 322 346 355 19 327 5 267 470 458 34 318 313 515 320 332 312 270 583 402 305 306 402 295 11 302 75 320 265 348 75 402 590 465 375 296 305 332 327 305 375
316 411 305 305 323 414 306 306 305 306 323 517 315 302 320 302 315 326 323 306 305 323 305 305 305 307 473 172 1 484 43 302 517 307 322 198 302 305 302 327 305 350 6 522 418 109 1 543 541 302
447 514 421 356 310 305 320 310 315 327 464 366 217 302 42 217 317 217 312 359 354 302 385 305 305 323 563 155 315 377 323 305 580 317 497 331 309 352 422 589 411 523 305 309 305 256 305 311 323 454
302 35 366 199 500 306 466 368 307 307 307 196 302 421 307 133 307 322 246 307 302 396 350 366 382 302 321 302 382 527 302 10 219 307 235 481 326 403 305 353 302 443 322 314 307 307 133 255 322 302
149 304 328 304 314 303 305 302 397 334 327 327 328 303 549 319 283 353 84 330 253 312 588 304 143 287 303 305 184 340 328 383 303 319 303 327 327 84 45 327 145 323 362 366 303 370 143 327 327 314
303 1 485 505 319 316 339 396 306 340 303 581 302 302 392 302 307 392 360 314 318 529 313 534 325 2 226 559 418 464 402 319 372 48 319 432 318 392 590 373 478 583 432 307 442 163 327 315 377 380
310 305 302 424 130 465 302 310 302 310 340 29 345 310 310 302 305 358 353 302 402 340 336 304 521 310 349 310 16 326 336 302 304 305 310 12 310 304 310 310 402 302 302 349 322 314 376 310 310 53
378 308 309 308 577 308 331 310 325 308 501 332 399 132 423 503 302 303 332 340 308 378 479 356 425 67 308 319 332 313 331 318 302 325 308 302 305 308 303 318 308 305 308 319 406 455 326 332 330 496
312 328 310 322 402 303 303 311 8 308 345 367 309 313 16 306 308 363 306 314 308 408 303 306 312 303 306 118 303 306 553 306 306 4 306 309 308 321 321 40 432 310 154 332 334 306 306 303 275 237
492 409 312 306 321 239 384 417 336 353 239 466 476 376 307 321 321 322 366 349 325 462 323 321 302 349 352 571 577 354 307 314 376 501 318 336 518 321 332 325 326 396 182 417 424 336 302 336 409 185
484 140 408 399 408 328 305 140 337 311 378 550 305 337 527 305 493 359 311 314 83 305 303 337 515 305 339 377 349 337 302 314 256 118 349 303 589 342 169 399 278 430 399 349 361 399 349 306 305 319
308 308 321 416 119 461 312 303 354 76 302 302 303 308 311 308 306 308 308 308 308 303 302 304 360 345 306 308 302 599 302 303 401 308 308 380 435 303 302 308 306 302 302 312 319 512 308 345 308 302
337 336 359 300 302 302 302 314 475 302 302 278 302 350 350 335 307 427 3 371 280 353 316 396 439 331 303 322 302 583 99 303 305 518 316 303 335 316 423 308 179 302 303 398 307 323 307 439 13 302
498 369 345 313 313 345 309 313 377 318 304 302 148 304 313 318 318 302 318 313 304 313 303 313 304 303 302 525 302 550 304 318 313 318 313 304 423 391 359 318 335 403 475 333 302 303 313 313 316 40
114 303 305 353 247 327 306 364 290 306 304 566 308 327 411 327 328 327 317 319 317 177 308 476 308 359 215 351 563 304 451 432 308 351 400 552 581 304 472 479 304 596 432 424 581 441 460 455 306 317
203 523 364 224 320 303 164 304 432 364 413 314 303 205 364 317 304 317 233 26 364 311 304 304 272 364 364 545 323 364 329 342 121 302 303 303 594 90 364 46 369 319 300 421 304 172 260 352 414 304
383 308 319 533 324 336 322 336 554 365 365 493 462 319 60 493 370 182 305 308 302 107 338 303 317 305 522 336 330 490 89 556 556 77 319 234 338 554 554 319 537 312 319 336 319 316 336 323 319 354
362 418 416 320 303 340 416 368 327 327 402 325 125 410 554 433 336 337 76 313 359 410 386 307 310 327 346 159 380 323 303 329 365 441 324 313 325 475 350 192 364 315 376 310 315 305 410 395 508 13
303 304 351 302 304 303 382 304 306 499 304 304 363 306 302 296 307 302 307 334 306 304 325 303 185 256 302 307 304 304 334 382 305 347 382 302 541 303 320 302 382 302 307 353 315 274 308 306 328 320
479 307 408 305 585 305 181 309 307 331 464 458 479 308 307 290 121 551 32 386 545 314 305 422 193 319 376 311 314 318 561 311 311 302 115 305 334 331 307 309 336 79 308 310 331 318 493 480 305 433
313 350 303 356 300 383 300 302 302 316 302 333 53 302 356 313 300 313 463 313 313 558 300 302 431 316 300 303 307 384 302 300 300 509 306 384 315 403 300 316 365 335 400 374 431 2 313 159 300 313
305 16 545 315 196 313 317 536 389 307 568 319 376 175 401 318 307 68 304 313 331 35 373 303 344 302 446 307 313 355 313 107 410 410 313 357 84 310 349 320 302 349 331 281 202 217 304 304 370 508
302 315 481 430 315 534 359 574 170 303 13 237 337 333 303 40 308 430 331 316 305 302 518 374 355 302 246 308 302 327 313 414 303 64 166 302 472 317 137 316 574 430 529 311 303 303 581 210 327 64
302 52 308 15 334 303 283 303 302 465 302 303 326 307 322 343 313 302 531 368 303 303 158 313 302 56 329 329 304 15 332 306 126 544 488 369 340 334 305 303 303 313 453 339 15 377 343 322 268 302
358 317 307 302 307 366 319 238 307 303 317 373 314 322 505 497 458 303 585 312 312 307 303 357 354 312 152 246 401 468 246 366 571 309 461 308 303 314 310 598 303 303 302 302 317 421 314 303 303 366
373 66 569 303 498 303 302 395 307 150 527 395 302 57 306 302 313 455 303 358 313 157 303 305 302 303 453 304 306 278 335 302 523 302 389 113 381 153 304 323 66 153 314 371 307 490 423 509 304 374
515 334 325 296 375 319 258 378 378 219 530 311 375 218 538 378 303 319 319 334 303 302 308 432 319 522 306 302 474 170 551 51 403 283 203 308 302 467 366 444 319 319 441 579 302 311 319 529 291 550
337 143 304 138 337 306 337 304 310 306 306 508 306 322 264 304 337 302 35 340 302 22 13 337 306 254 302 306 49 270 530 1 303 449 306 235 303 314 309 303 367 302 438 310 13 306 303 406 419 305
324 355 322 377 304 324 311 141 309 270 8 302 339 94 304 322 322 29 304 304 302 307 302 302 302 309 306 304 384 164 397 317 381 315 324 141 322 384 337 406 579 307 307 302 381 304 408 324 302 302
157 539 7 485 302 333 36 519 375 429 353 459 346 324 378 309 333 426 190 123 429 396 379 407 426 330 318 353 151 23 333 333 405 382 265 232 495 429 396 309 334 396 407 319 375 43 6 311 397 322
302 313 134 306 317 336 318 208 335 476 366 317 335 335 336 513 313 399 479 317 508 297 363 366 304 363 328 317 442 398 131 308 313 413 371 413 308 242 312 305 305 324 371 305 305 317 154 530 48 363
556 306 325 303 315 309 510 522 303 304 305 306 308 206 552 309 345 407 320 461 333 319 376 522 335 536 515 305 327 359 239 250 559 493 418 38 62 12 356 334 309 336 343 309 319 570 304 302 516 411
306 303 306 306 466 307 479 393 223 307 323 363 406 320 56 317 304 304 303 304 307 21 304 304 420 303 306 305 586 526 306 312 305 306 304 362 303 352 304 381 314 300 306 343 304 306 304 381 304 457
243 306 244 303 303 308 1 382 459 303 31 385 66 303 178 303 104 595 334 29 310 309 302 595 309 302 309 303 472 466 382 1 66 409 561 307 308 302 382 303 343 425 285 303 374 306 41 531 38 331
303 303 159 302 303 303 302 302 166 302 303 303 302 476 302 303 303 303 302 302 303 302 303 303 303 302 316 303 315 302 381 302 304 303 303 317 302 302 368 303 302 303 302 302 303 303 303 302 302 303
316 560 472 46 394 336 61 312 304 363 472 310 312 394 309 504 327 309 394 320 510 304 350 394 303 282 196 304 316 310 303 304 316 508 18 368 497 519 303 336 435 304 549 193 533 429 316 394 387 513
96 320 310 94 302 310 318 381 312 479 423 326 310 310 340 85 207 326 437 326 303 381 309 310 326 307 30 339 336 366 310 491 310 310 107 306 413 302 302 319 319 509 353 310 310 266 389 322 326 366
304 346 302 383 101 320 99 302 309 136 309 358 308 340 309 312 374 310 99 313 304 341 303 347 253 352 310 317 308 383 446 544 328 217 310 460 302 347 302 565 522 303 309 316 310 302 278 188 309 304
340 332 303 74 589 310 457 334 528 344 306 94 323 119 382 457 345 304 345 303 315 305 457 315 310 509 309 315 509 330 315 373 314 328 305 382 339 462 318 305 303 339 450 240 302 382 382 509 162 307
302 238 319 303 304 302 308 330 303 308 412 586 302 396 344 133 113 343 387 303 308 330 303 344 303 308 586 207 304 302 133 305 519 302 305 328 340 329 317 302 303 303 329 302 356 302 303 307 373 303
304 302 589 113 322 340 311 322 387 316 318 321 47 318 334 336 331 476 303 476 471 303 310 347 316 476 330 312 343 318 306 302 321 384 347 476 302 79 313 340 310 319 318 314 309 201 133 309 346 246
305 311 303 307 200 421 311 388 416 305 326 307 311 430 303 321 550 123 303 306 306 311 311 302 398 281 329 307 28 303 317 311 292 311 125 476 306 304 305 304 321 305 454 310 102 303 292 330 364 302
302 319 319 306 375 376 435 376 147 367 303 302 319 340 391 303 546 319 180 571 522 302 302 302 319 309 303 535 308 395 516 309 306 226 310 306 340 306 404 303 332 360 367 377 369 436 404 304 303 369
320 317 317 250 316 320 357 307 307 353 379 475 378 307 411 540 357 535 497 291 236 46 317 139 308 171 324 302 54 310 506 493 331 302 302 115 406 317 320 545 249 321 308 520 347 321 317 317 364 302
309 305 442 332 442 371 303 333 331 304 426 405 310 424 64 303 540 333 371 545 361 319 67 337 559 304 333 378 442 319 331 442 371 451 81 382 371 473 335 319 320 344 303 303 304 310 459 502 319 333
302 555 304 359 303 362 390 315 304 25 303 338 302 359 303 303 333 303 359 346 1 303 8 359 1 309 302 303 312 1 312 303 312 359 312 362 302 312 319 238 256 309 571 320 333 303 303 110 303 344
370 302 322 302 315 306 72 306 361 320 302 588 302 317 422 320 321 319 306 464 302 303 314 353 302 306 240 310 311 68 312 195 345 302 266 328 305 306 294 388 322 306 302 321 312 312 306 306 315 345
302 314 304 302 368 327 302 308 308 306 304 305 310 456 333 316 313 304 492 304 302 500 310 574 304 316 234 333 303 314 391 316 302 525 537 316 302 302 229 307 307 310 348 318 597 316 311 442 304 308
310 334 129 328 304 471 419 302 210 219 102 334 302 302 304 302 315 309 302 304 304 331 91 304 317 318 328 310 347 259 144 309 490 312 218 299 302 309 350 306 314 317 302 304 302 314 230 314 381 306
308 302 320 382 320 568 354 409 376 142 353 320 307 325 312 318 568 482 303 344 320 318 318 320 320 363 325 342 372 342 309 342 302 323 320 329 174 433 333 319 320 446 302 133 302 121 309 329 309 317
511 383 420 311 193 536 66 309 309 415 309 303 302 493 525 304 156 357 318 304 363 415 76 53 313 62 369 324 312 380 455 304 405 419 214 593 350 302 201 307 313 586 309 390 303 313 306 307 439 303
310 445 310 304 303 579 322 310 304 347 310 513 286 592 302 304 304 207 302 304 304 352 302 304 310 30 304 310 315 304 302 572 82 304 332 322 302 310 347 168 446 310 302 309 306 310 304 519 304 303
360 307 304 286 340 309 303 338 307 304 307 309 330 248 313 41 87 309 327 307 442 457 313 353 380 307 303 303 411 388 579 304 512 304 337 307 254 310 243 309 391 383 307 199 340 303 307 353 309 309
302 542 307 522 358 307 307 307 322 302 511 307 275 307 337 307 309 458 72 476 151 447 315 307 307 360 307 19 368 330 476 337 497 344 373 302 307 307 458 133 315 484 315 302 322 303 339 307 576 302
327 331 311 308 336 307 343 307 343 423 307 308 476 302 302 327 351 306 575 327 19 307 307 447 306 240 304 438 308 307 331 302 307 307 302 306 349 326 306 307 307 307 307 434 306 302 328 384 374 304
306 304 328 515 304 343 304 302 304 316 304 302 249 302 304 304 304 304 402 304 316 492 302 304 139 316 306 317 466 42 379 302 306 302 246 478 304 559 302 306 322 407 302 304 574 303 304 302 532 302
268 329 306 302 264 335 316 306 373 306 304 62 318 351 318 346 318 302 303 442 310 264 331 308 306 309 318 305 312 232 351 304 310 422 336 304 306 309 302 304 350 529 328 5 363 126 345 364 302 458
308 432 317 312 445 445 390 317 303 596 358 308 319 445 119 312 510 319 572 316 364 312 312 69 448 131 302 336 305 357 346 308 305 346 432 483 543 198 345 305 445 307 292 488 22 357 312 312 350 180
302 302 347 302 388 340 310 302 310 341 311 311 441 136 341 332 304 308 310 310 441 302 302 214 496 310 310 302 373 326 310 303 306 310 330 310 325 310 302 310 152 304 326 306 302 310 214 310 148 310
310 302 61 322 201 310 316 303 475 302 491 320 302 302 418 124 303 361 525 303 319 2 312 309 206 472 589 421 302 304 361 303 1 256 302 302 303 303 533 320 302 303 580 302 302 367 328 303 308 303
309 304 324 456 571 289 252 89 289 181 309 322 340 360 305 332 425 304 324 452 314 350 310 332 452 364 389 311 302 310 314 351 123 304 325 46 304 312 327 456 469 309 146 304 282 322 302 314 65 311
377 306 371 268 316 302 453 377 422 306 1 356 449 532 377 549 11 315 306 377 302 480 332 302 572 513 76 1 315 306 582 316 371 362 309 494 375 302 455 316 540 316 324 315 308 356 79 396 315 307
302 195 310 314 415 302 462 336 343 379 312 302 244 327 463 303 302 303 418 302 303 375 303 214 305 323 326 302 302 302 80 302 390 302 305 302 303 302 305 306 313 304 302 302 326 302 418 302 303 316
236 303 383 318 130 385 341 142 303 342 302 303 37 232 303 302 308 225 302 303 27 535 236 317 303 427 553 321 303 319 389 345 429 463 320 308 346 303 424 187 51 303 336 303 303 420 140 486 564 26
369 320 227 320 315 337 340 340 400 334 339 442 523 273 297 305 302 577 218 303 320 227 268 303 320 303 269 302 296 305 346 302 262 302 489 340 160 346 541 356 346 560 299 240 324 320 320 323 468 582
351 543 393 424 384 34 330 335 113 302 514 37 244 330 187 307 315 302 458 458 302 560 377 317 303 304 317 303 302 330 291 424 458 346 401 302 307 371 307 306 308 306 356 43 33 244 342 303 330 327
39 319 353 319 398 311 308 308 306 460 431 377 306 305 304 306 508 308 319 302 304 544 305 303 303 308 311 456 305 523 317 317 73 407 319 311 441 311 131 303 319 332 308 308 304 332 306 366 304 327
303 484 303 329 341 321 353 329 302 338 319 516 304 322 328 343 161 311 328 328 304 303 303 346 308 321 335 346 157 314 398 303 248 460 302 303 596 309 328 322 10 302 560 302 572 227 508 314 302 303
536 305 304 544 311 302 311 257 305 544 305 308 366 415 358 314 236 308 308 311 311 309 308 355 305 317 311 308 565 309 305 314 417 544 306 304 510 311 309 303 302 517 538 311 303 304 467 325 355 471
315 356 308 325 317 94 121 308 332 368 344 448 302 364 315 305 291 308 304 339 94 225 318 343 307 399 343 306 307 315 332 315 325 309 324 426 189 306 304 449 348 344 310 291 308 304 478 303 384 321
393 360 305 393 302 317 360 414 376 302 303 426 594 302 495 303 392 302 302 315 364 303 302 226 327 374 304 352 371 303 302 302 338 302 303 327 303 348 109 303 351 484 302 303 483 303 535 49 302 338
303 336 322 336 307 461 379 307 335 305 333 304 333 11 328 328 303 307 304 304 335 307 461 322 527 485 307 303 303 307 303 308 302 312 303 461 304 309 302 537 462 361 302 303 380 307 320 499 321 307
307 313 313 366 365 332 98 351 321 393 305 332 308 320 460 358 303 303 325 53 453 557 317 400 97 366 303 401 303 317 328 343 303 366 317 323 317 251 317 302 317 334 305 455 283 438 400 332 317 366
312 324 355 560 307 363 340 305 355 307 107 54 338 545 446 303 41 492 335 307 305 27 303 282 327 127 304 548 28 147 217 347 439 391 311 467 319 367 319 319 358 282 364 400 335 145 305 303 352 516
300 396 303 328 311 10 319 302 300 319 357 302 221 300 300 302 300 300 300 337 302 319 300 298 300 319 303 442 302 300 302 300 300 302 302 302 373 302 316 302 302 300 302 302 300 300 302 300 302 484
304 302 302 307 330 304 244 304 302 302 461 161 315 304 302 411 302 366 391 320 302 316 304 353 302 304 166 136 120 547 304 366 307 244 532 302 347 302 244 315 304 304 596 365 304 387 315 304 433 302
523 343 319 306 398 432 381 523 404 268 389 305 502 511 303 195 155 370 358 311 302 211 375 338 273 302 303 268 356 317 321 312 268 388 305 346 142 355 213 413 156 319 319 133 510 319 147 307 319 307
220 338 305 84 477 374 53 365 189 455 331 127 122 307 263 314 331 300 305 381 105 304 321 307 321 374 329 462 347 289 306 307 331 311 524 398 416 593 350 96 304 306 398 460 308 302 350 304 377 316
305 302 309 305 302 305 306 481 311 305 358 302 439 352 502 302 332 305 305 302 302 305 380 302 400 314 302 302 122 303 305 309 436 307 352 592 307 307 406 312 309 53 302 416 305 305 302 305 324 305
323 322 120 308 327 30 321 102 282 22 256 310 322 560 164 62 462 23 380 576 469 302 111 10 21 461 365 411 473 312 335 79 80 320 322 108 137 468 30 427 199 375 500 323 79 425 322 136 30 111
305 505 305 543 302 343 305 308 336 302 302 314 315 305 309 310 305 302 537 317 322 303 302 304 305 38 313 302 375 340 323 302 309 39 305 309 344 305 305 320 305 313 358 304 302 305 305 336 302 302
306 381 25 381 311 311 344 313 304 322 316 157 351 208 46 308 244 311 103 322 305 311 306 80 590 359 531 66 311 304 477 322 311 362 78 244 591 346 306 388 329 43 351 304 355 358 305 97 303 320
