102 120 160 104 102 52 103 102 102 104 102 124 102 102 111 191 34 124 36 120 102 124 39 107 111 102 124 19 102 53 11 50 125 119 42 102 127 180 47 39 127 124 102 124 159 102 11 102 102 102
163 63 50 10 102 184 102 118 116 102 103 116 116 102 134 54 116 115 151 128 125 119 116 102 102 134 128 105 125 62 184 116 105 36 105 148 126 102 116 116 9 102 116 50 116 151 36 149 119 173
108 62 112 115 106 105 126 112 121 108 104 184 62 39 153 181 174 124 21 108 121 120 106 85 179 112 167 143 108 107 117 110 106 184 121 170 108 108 108 77 85 119 106 108 112 43 120 112 140 126
103 103 118 189 108 103 103 104 137 104 145 117 132 127 60 104 72 103 120 5 1 135 118 92 124 95 108 92 108 103 2 189 114 94 105 189 164 145 114 163 47 108 102 102 68 114 98 102 1 1
11 104 164 141 102 146 141 141 112 29 29 190 154 112 122 141 104 102 141 108 70 102 122 113 102 28 141 161 18 96 46 141 13 172 102 77 113 102 102 172 106 11 141 70 192 175 141 102 141 141
107 103 103 156 107 152 103 86 103 102 126 140 139 102 74 103 103 195 103 102 138 152 104 104 104 104 113 103 102 103 103 145 103 103 156 103 74 47 114 104 104 177 87 102 122 102 102 119 103 150
106 103 117 103 74 102 123 120 53 113 105 109 46 102 174 105 134 177 121 161 143 102 53 117 127 102 106 137 178 113 190 111 134 119 140 46 104 104 77 117 88 103 105 120 46 106 106 103 103 157
102 179 106 105 156 102 31 175 179 103 66 103 172 176 94 137 104 106 103 130 106 92 123 108 179 104 172 103 104 123 8 103 175 145 145 111 140 108 73 103 179 109 102 109 106 125 144 154 106 106
163 79 2 116 134 141 187 105 124 116 85 111 53 124 195 108 54 111 53 138 109 111 111 79 70 111 109 111 113 116 100 160 159 111 48 104 193 111 113 116 110 112 103 112 102 152 134 104 104 56
154 124 12 107 190 110 118 112 118 118 109 145 114 124 136 162 9 12 44 14 80 178 45 118 117 111 137 142 143 103 134 170 134 112 70 13 103 142 121 130 164 137 89 45 152 80 122 134 121 33
122 110 153 157 145 103 75 75 102 104 104 98 126 110 103 102 103 114 64 109 110 102 97 110 104 111 102 75 128 104 103 103 104 8 13 103 115 15 103 126 75 75 174 111 9 75 175 75 38 67
110 157 47 141 59 135 59 26 110 78 106 164 189 176 150 48 135 142 138 126 189 170 119 126 126 130 110 26 189 138 90 134 104 108 121 47 3 138 68 150 141 138 164 119 74 116 165 149 47 135
112 137 114 107 12 120 124 104 108 115 184 81 104 107 99 123 125 175 136 11 108 102 100 8 181 155 102 112 100 105 197 119 102 12 102 110 167 102 10 102 9 194 104 164 126 99 104 123 187 104
134 103 20 110 113 103 103 107 120 109 3 136 105 106 136 111 159 20 111 104 108 105 20 106 120 145 55 106 110 126 167 106 124 110 187 108 153 108 156 119 105 105 105 176 105 108 106 105 109 120
107 102 143 103 112 127 102 108 141 168 143 137 103 102 114 1 103 114 103 108 102 107 143 102 103 128 90 107 103 102 162 154 84 103 103 103 1 109 107 170 103 137 104 103 108 131 90 110 108 43
109 29 110 133 31 133 121 106 153 197 121 102 135 121 106 109 109 104 118 109 34 102 133 59 133 30 106 86 109 102 109 133 133 121 133 118 109 18 109 133 105 157 64 133 126 152 126 153 133 103
147 131 102 183 112 107 104 155 131 102 155 112 104 108 102 68 131 102 105 104 104 147 155 107 111 149 35 25 50 102 104 107 127 147 104 111 144 102 102 102 103 127 105 131 106 147 155 102 112 111
40 168 110 110 102 110 195 110 146 167 123 96 169 102 102 110 80 110 102 110 110 128 105 102 123 126 102 110 130 196 110 110 90 128 118 110 107 102 110 33 106 127 110 56 102 127 110 102 102 77
102 117 117 115 154 102 115 117 102 195 199 115 129 116 71 115 38 177 114 102 61 115 115 88 117 102 117 114 115 9 44 114 129 102 104 114 117 115 85 198 115 115 102 159 163 102 115 193 115 104
1 1 1 51 1 111 106 68 163 102 144 56 103 161 181 1 115 46 123 56 76 51 115 1 189 111 29 113 54 115 188 102 107 68 83 100 115 56 106 128 102 103 63 115 102 137 114 106 123 158
104 143 32 156 110 181 68 16 68 117 112 108 112 191 110 52 148 104 106 103 117 124 111 117 93 111 166 88 112 25 103 159 106 105 190 148 160 117 117 176 112 118 102 184 163 159 135 88 155 102
159 122 111 36 109 102 108 162 172 124 111 60 58 109 102 110 122 60 72 104 105 72 109 124 102 57 123 122 125 58 26 137 116 17 151 58 36 36 149 110 75 102 106 109 109 103 110 102 145 102
110 114 127 150 109 116 104 102 109 27 114 127 109 109 109 102 109 116 114 102 109 110 109 131 157 168 114 135 102 109 102 109 116 109 109 111 114 114 157 114 102 109 103 131 118 124 127 132 86 24
190 114 139 115 108 117 129 164 102 139 102 44 102 104 85 115 151 134 102 17 107 139 102 126 103 107 105 177 29 102 159 129 108 117 172 111 112 102 109 102 68 148 190 129 65 114 114 137 139 105
103 104 143 141 105 105 161 126 114 84 141 109 138 119 116 114 103 138 138 105 138 143 103 153 114 128 174 160 58 103 104 37 110 100 104 104 109 138 114 86 114 108 128 105 138 66 104 110 116 20
138 105 103 104 133 133 108 110 167 134 106 105 106 133 183 111 188 110 181 105 149 174 188 142 133 105 107 135 133 167 170 110 102 133 105 133 133 106 107 197 74 102 106 168 113 133 105 183 105 10
131 172 138 73 50 130 111 18 118 128 40 27 67 193 155 67 131 143 109 153 111 74 108 131 87 105 11 102 95 51 104 67 138 143 126 115 128 186 172 105 57 108 18 51 105 104 1 96 142 98
100 85 105 105 153 108 102 147 105 102 150 100 102 117 151 79 105 102 147 102 102 102 102 104 105 102 194 147 102 105 119 102 105 105 105 105 54 102 102 113 105 110 134 105 180 102 102 134 102 102
121 111 133 103 183 74 102 106 102 103 161 58 115 123 133 102 134 137 104 102 105 70 43 14 181 116 102 133 160 110 143 146 165 102 104 14 124 14 116 160 21 195 121 107 102 161 146 103 123 103
108 103 64 119 102 12 102 70 124 188 102 39 108 102 120 162 27 127 81 110 136 117 120 120 102 1 190 77 102 102 136 110 120 120 120 120 16 153 120 102 81 102 105 120 154 136 120 110 120 120
130 164 148 6 113 6 107 46 107 103 107 104 150 148 111 150 104 148 103 148 160 176 107 173 107 111 107 102 167 150 148 121 107 104 148 102 149 148 112 105 107 102 150 148 148 113 108 181 102 102
75 116 102 95 133 102 141 141 102 133 148 115 17 5 104 104 108 136 185 104 131 124 107 102 108 118 145 17 198 123 106 106 118 111 134 166 15 146 50 116 112 131 158 78 102 104 104 124 20 166
102 1 102 121 121 28 102 103 104 102 102 88 121 188 137 105 198 24 121 130 144 102 1 104 103 102 121 104 119 109 198 121 102 121 102 102 54 121 198 145 120 102 163 121 102 104 102 104 104 112
100 91 102 106 115 123 183 108 108 149 160 29 31 173 102 108 107 154 154 120 108 102 2 5 191 100 102 8 108 136 78 172 124 66 126 116 43 183 111 119 5 111 108 102 174 123 171 42 123 168
100 103 102 102 115 103 102 104 113 103 108 104 195 193 102 102 104 128 136 102 102 104 104 115 146 102 104 104 115 102 102 103 104 104 102 108 104 102 104 106 95 78 115 125 102 109 102 104 103 139
107 102 121 136 107 54 157 107 136 107 107 23 107 107 107 20 107 160 102 179 136 44 136 124 146 126 103 107 107 107 107 107 32 165 107 102 136 47 107 44 123 163 107 104 107 142 99 54 103 107
49 126 102 107 102 27 108 107 115 136 114 119 75 119 92 108 149 102 121 115 76 47 115 102 107 119 115 125 131 83 115 76 114 107 121 107 108 103 29 112 109 197 106 114 199 116 107 45 107 185
128 139 117 125 128 117 83 180 105 103 196 148 124 117 128 104 105 143 124 104 108 104 105 104 79 189 103 107 105 104 71 117 103 105 180 107 191 113 103 104 128 125 3 105 103 73 138 42 147 198
170 104 104 102 104 118 135 137 116 54 109 171 108 85 65 156 122 128 104 111 104 108 131 102 104 77 108 126 108 104 113 94 102 104 104 144 109 102 170 102 102 89 76 120 121 111 104 196 144 141
56 79 109 25 22 141 119 59 119 91 106 87 79 167 91 105 105 183 39 162 38 158 102 144 106 46 102 71 154 102 22 57 173 105 127 126 58 59 41 58 100 105 188 113 189 83 40 34 99 108
105 104 116 48 108 102 116 81 116 48 102 102 116 52 116 116 172 105 116 116 116 117 108 180 131 173 180 116 116 129 99 123 116 102 104 139 117 116 116 156 116 116 102 102 136 116 110 128 121 132
109 175 64 107 67 109 172 106 34 198 57 175 108 190 107 109 124 181 128 108 108 110 174 119 172 156 1 111 106 108 198 149 108 121 108 107 108 159 109 108 113 67 107 107 124 30 98 109 110 157
148 158 183 73 102 102 139 128 132 105 95 104 166 105 118 102 111 109 189 105 111 128 106 188 21 175 27 105 106 158 121 104 104 35 48 103 92 138 105 139 124 172 104 104 147 107 104 104 172 104
124 108 108 40 116 115 157 89 55 156 61 21 174 146 107 110 157 165 106 195 124 120 106 115 102 124 106 106 27 129 55 109 157 110 151 113 156 118 119 119 102 103 156 83 186 141 159 177 88 157
107 102 106 102 129 77 103 102 42 105 102 102 102 102 117 100 130 148 102 102 80 106 183 187 103 130 66 106 106 106 102 106 106 104 159 102 122 112 103 106 76 104 102 106 138 105 117 176 102 102
105 134 108 49 112 54 42 179 105 165 118 121 121 84 39 54 155 117 85 159 134 105 112 112 108 18 141 137 114 63 112 143 104 134 12 165 38 103 103 112 26 179 102 179 108 36 107 112 114 112
165 179 108 108 116 114 141 103 102 32 102 114 165 108 102 103 113 114 108 107 114 129 102 120 108 108 108 108 108 106 109 107 108 108 137 109 117 108 103 108 108 129 102 102 106 123 186 108 114 77
187 107 84 116 117 103 115 148 104 118 117 177 102 103 107 94 103 169 107 102 102 8 106 102 183 111 107 117 103 107 29 129 109 112 115 170 102 118 105 102 48 59 107 118 103 119 61 105 121 107
104 17 104 104 104 133 104 103 137 103 37 133 116 59 21 156 85 82 180 103 141 104 104 116 141 116 117 103 104 104 102 116 21 81 176 112 97 137 102 55 104 104 38 122 102 116 98 116 166 194
110 152 114 123 110 112 135 44 123 64 123 151 137 3 102 104 103 20 123 82 123 103 102 116 175 123 114 43 103 110 142 177 119 102 110 108 106 36 191 130 125 104 102 175 53 106 181 104 83 144
107 114 165 19 4 138 107 108 165 141 167 19 157 19 136 92 36 148 128 103 119 107 82 83 161 72 80 102 137 157 143 107 120 110 103 186 108 163 81 93 114 165 168 165 92 157 37 19 22 107
132 166 103 114 126 102 102 111 114 102 132 41 87 126 103 102 103 49 114 109 103 102 133 103 114 124 77 85 1 105 88 126 109 88 102 102 114 103 102 87 118 136 103 123 114 114 109 156 78 165
108 119 89 107 62 181 107 107 102 107 102 106 102 112 107 107 31 1 107 102 87 197 169 104 39 107 102 107 102 107 102 9 179 1 11 181 107 107 102 181 181 107 102 102 102 194 107 107 25 165
113 123 104 21 131 106 105 103 128 138 165 142 110 102 105 182 109 111 133 107 166 163 108 107 123 123 179 109 134 109 71 106 107 108 92 125 134 50 195 165 103 124 134 105 72 110 153 116 184 82
163 119 147 142 193 26 102 55 136 26 147 102 1 112 119 80 102 148 173 102 147 102 161 142 19 102 1 127 188 102 128 108 144 136 1 109 1 190 102 103 1 147 117 1 18 1 1 26 104 102
117 105 103 102 103 102 102 102 109 102 117 102 105 102 102 103 143 112 13 102 132 103 103 160 102 103 120 157 102 106 103 102 140 113 102 103 106 120 103 8 138 102 187 157 114 102 103 138 112 170
143 120 127 112 1 123 197 1 1 1 123 102 1 79 102 109 1 155 69 123 103 124 102 18 1 127 102 80 91 1 129 1 102 152 102 91 102 113 68 107 1 109 116 172 109 109 107 134 1 1
129 103 102 103 110 102 166 109 117 173 109 103 181 102 117 103 162 184 103 103 181 38 51 117 181 103 103 105 130 129 109 103 129 3 109 149 103 103 38 129 103 102 109 129 102 112 193 46 159 103
20 110 105 103 133 109 102 86 105 105 172 114 119 12 119 106 105 122 108 135 153 18 121 169 105 121 110 127 173 102 159 125 133 184 121 119 103 146 123 121 110 72 119 139 153 121 175 102 121 106
149 149 139 149 104 110 149 149 104 196 107 139 120 139 130 55 148 6 28 148 191 149 149 149 77 106 152 104 124 149 169 139 196 149 135 181 114 31 107 149 106 107 111 121 102 110 149 6 149 168
113 151 125 170 137 153 113 104 42 106 137 102 104 156 37 61 106 115 170 115 94 104 106 171 137 128 137 27 107 104 128 104 103 14 112 123 115 7 114 107 107 27 106 121 27 104 128 192 137 103
107 104 104 117 104 104 156 131 104 103 9 133 136 150 104 76 102 185 121 156 86 12 104 106 78 108 122 29 117 105 130 104 109 121 66 104 119 103 121 104 104 102 60 120 102 112 104 115 113 60
55 110 102 140 1 103 102 1 110 1 103 108 163 140 68 17 133 104 41 103 108 163 185 19 134 102 194 1 110 110 102 102 19 97 153 108 103 1 132 103 104 118 103 110 1 161 116 109 110 189
100 105 102 102 33 131 102 105 105 178 131 131 137 129 105 106 176 131 105 104 103 105 103 135 124 134 176 104 103 105 190 59 135 104 96 16 103 100 104 105 103 117 106 105 105 106 80 105 107 104
105 105 161 102 102 105 102 102 17 106 126 102 44 104 105 102 115 105 102 34 118 70 102 102 105 105 102 119 105 105 17 105 147 22 77 105 83 107 102 124 102 105 137 109 163 173 137 105 126 102
103 15 104 104 104 102 103 156 115 45 76 103 177 106 112 127 60 115 145 166 106 106 62 106 106 75 119 104 111 103 166 146 69 119 106 146 104 130 104 106 106 106 119 148 109 103 103 14 137 131
102 104 116 169 154 116 129 149 121 10 11 121 37 130 89 139 106 103 173 116 11 104 104 106 104 104 103 104 106 103 173 102 104 103 116 110 104 90 116 11 23 104 112 104 113 91 11 116 104 48
31 107 102 145 122 103 109 102 54 102 137 109 103 108 88 108 102 173 104 115 102 109 104 103 139 102 107 103 108 103 102 103 102 103 142 103 103 103 127 149 103 102 139 171 102 102 103 109 103 145
121 118 29 105 111 102 144 105 117 118 107 102 105 107 118 187 43 105 107 108 126 102 108 105 151 105 107 51 107 109 105 107 107 107 199 92 172 104 187 122 109 113 109 102 105 162 102 109 35 54
103 103 109 182 158 105 132 106 103 107 123 103 175 105 21 105 109 121 105 117 105 116 105 102 117 107 105 125 75 121 109 116 116 116 33 106 128 103 102 96 102 43 144 125 123 173 83 105 103 105
102 171 106 106 117 114 41 102 114 29 28 106 106 199 73 106 105 102 29 137 121 100 110 187 51 187 102 114 102 129 118 1 114 21 172 133 106 106 114 102 164 110 74 108 197 105 192 1 131 114
102 100 130 158 130 100 194 100 130 102 138 130 107 130 133 194 130 49 152 130 128 116 106 20 53 194 175 74 102 102 106 104 130 69 194 65 130 106 130 107 85 102 106 100 102 102 127 175 74 160
102 129 108 109 109 106 11 107 22 102 104 104 151 115 112 153 11 107 112 153 112 102 115 53 53 104 108 161 106 102 135 102 152 53 154 104 102 112 102 53 111 104 53 59 106 49 108 102 53 115
111 131 86 27 87 112 112 199 117 113 113 103 111 116 19 106 105 111 137 117 170 118 173 105 60 159 137 117 102 103 103 3 103 105 137 182 113 105 141 103 27 117 199 89 28 103 103 137 43 113
135 19 144 136 144 117 103 104 189 1 93 15 20 122 35 20 107 20 119 104 20 19 104 46 161 20 118 62 148 106 148 104 44 157 1 144 133 122 107 21 104 100 20 7 67 1 20 161 60 157
134 150 78 134 119 189 168 119 106 105 113 195 108 140 177 164 103 134 168 134 147 104 127 134 195 105 119 123 19 102 92 189 198 104 108 134 117 198 46 191 134 113 135 88 93 168 133 189 104 176
42 110 40 135 21 109 103 132 103 111 157 103 103 102 137 102 103 102 40 143 109 103 103 12 102 102 103 103 103 42 102 102 102 110 103 187 123 48 102 105 54 103 103 103 109 102 75 106 174 123
113 170 113 104 112 102 104 104 110 104 45 156 113 139 104 69 104 67 104 104 148 148 102 109 102 113 102 94 105 102 102 102 104 113 109 102 126 104 109 156 113 157 125 102 102 104 39 53 107 102
116 154 104 41 107 108 117 84 102 108 103 87 131 107 175 46 82 1 160 107 118 140 102 46 108 102 102 102 102 105 140 1 116 10 184 102 140 68 102 103 108 117 41 107 74 139 67 178 115 103
103 108 147 108 79 148 108 108 110 110 85 75 182 105 119 108 165 108 104 154 104 125 105 103 104 105 127 109 127 111 35 47 126 94 67 35 108 102 108 35 110 141 63 102 102 185 187 108 76 109
103 102 114 102 113 103 102 102 102 104 136 102 103 56 182 103 113 176 102 143 154 113 113 103 29 109 103 103 102 102 136 103 104 103 102 136 103 104 9 102 113 102 103 103 103 111 104 100 103 136
102 103 103 165 165 85 13 103 39 135 104 103 66 112 19 119 109 155 97 103 47 107 107 104 108 195 165 103 107 161 107 173 51 45 103 102 114 126 37 119 134 105 109 194 125 165 112 103 97 109
153 119 104 103 192 170 37 181 27 112 107 108 192 131 104 11 110 179 112 60 153 116 99 117 159 108 107 126 113 100 115 99 103 153 159 194 126 52 126 17 115 103 143 11 99 38 157 177 131 108
117 106 178 90 109 103 117 118 125 117 136 141 138 106 117 111 104 103 111 121 117 85 85 111 66 111 186 111 117 117 85 26 111 111 103 119 85 117 85 178 135 117 103 117 103 109 114 71 111 108
171 114 134 104 103 134 191 106 33 109 161 134 114 112 134 114 117 76 114 115 88 146 106 155 104 115 111 105 154 117 104 121 105 164 114 103 104 85 195 76 154 140 111 146 160 134 121 161 114 106
106 144 103 92 127 117 112 117 105 144 35 102 107 103 175 35 112 103 102 30 139 112 61 106 107 181 161 106 154 161 106 61 127 112 106 106 105 161 61 118 106 112 106 34 65 30 60 83 112 173
102 104 162 109 121 109 136 84 52 107 186 76 108 125 182 108 104 109 115 109 108 1 108 102 89 108 108 108 162 108 103 103 108 102 105 103 103 108 108 104 109 84 36 121 102 84 108 102 135 84
104 102 135 109 102 148 125 114 102 198 114 114 117 162 114 20 114 102 114 102 24 114 127 125 140 114 114 54 114 180 104 65 107 114 125 105 114 114 103 151 142 105 114 118 103 114 128 109 128 151
104 127 112 119 143 104 153 104 113 194 104 113 117 145 130 104 77 7 16 103 145 117 146 105 1 27 77 145 105 146 195 189 105 104 103 44 113 103 60 148 116 78 106 108 146 113 110 135 117 15
125 102 123 107 102 102 107 179 107 119 165 104 124 124 107 107 127 107 157 157 60 107 127 121 154 127 151 117 107 107 107 127 104 105 127 107 102 124 104 123 113 103 124 137 123 129 135 133 125 109
181 102 136 102 175 102 100 102 117 102 121 11 123 174 72 100 123 117 108 102 123 100 164 109 92 31 128 102 116 142 71 102 102 100 181 100 100 123 128 102 102 65 181 125 102 147 102 107 88 100
102 105 15 82 126 103 102 1 99 178 117 109 111 116 132 131 126 45 126 102 144 109 109 148 178 186 102 102 75 156 168 105 109 184 126 102 114 186 111 143 148 57 113 104 110 109 172 156 109 30
104 124 44 166 82 160 104 76 103 105 161 102 104 124 102 156 159 102 104 179 102 106 1 104 111 102 139 102 104 172 64 106 102 104 181 132 104 104 132 134 106 119 102 143 104 112 104 3 181 102
158 102 161 138 114 54 102 112 147 112 5 137 49 112 102 112 51 81 74 114 114 102 112 114 161 118 107 112 150 28 112 168 157 6 112 104 118 102 118 114 149 112 102 124 118 112 78 177 102 118
105 102 4 107 104 102 134 2 103 102 193 104 105 105 78 113 109 133 137 105 113 102 107 102 105 137 106 102 105 106 105 102 113 104 104 2 102 105 105 113 1 107 105 107 102 105 105 102 105 105
105 105 120 109 78 146 105 172 105 105 116 160 118 160 102 136 121 68 105 162 124 80 165 118 116 151 121 120 105 32 102 105 105 81 131 7 173 173 80 105 147 112 110 102 45 111 114 67 112 155
106 183 108 115 102 99 13 152 115 116 14 115 27 102 149 103 108 116 179 99 104 103 117 126 123 116 3 116 183 116 80 104 116 123 110 116 7 179 126 184 102 99 104 149 129 104 123 116 116 170
152 104 137 3 126 102 137 81 51 137 126 69 78 104 104 69 18 121 163 126 137 146 110 137 124 12 77 126 137 167 198 69 1 189 8 137 104 137 102 104 42 109 130 72 104 110 133 137 126 102
118 102 102 74 160 115 110 111 110 110 110 103 160 157 110 19 110 160 110 108 154 105 110 102 62 20 160 103 105 60 160 152 71 105 103 102 102 160 110 104 110 112 110 102 102 141 102 110 110 32
20 34 112 145 195 122 106 103 106 132 103 104 103 111 122 104 104 107 194 103 122 106 106 105 127 166 111 106 106 138 111 107 104 105 122 171 122 66 152 129 152 81 20 145 117 107 152 111 121 106
