25 22 22 33 22 1 27 22 1 29 22 22 33 29 1 22 29 27 22 1 22 22 22 1 25 1 1 1 1 22 29 1 22 22 22 22 13 33 1 1 1 16 1 1 13 1 29 22 1 1
27 22 27 27 25 27 30 27 25 27 27 22 27 22 23 22 26 28 27 20 20 22 27 27 22 28 22 27 22 28 22 35 27 28 22 22 27 27 35 24 31 22 28 27 28 32 22 20 27 22
26 27 25 8 23 34 26 24 19 34 23 20 28 25 25 28 24 16 34 23 23 29 29 23 20 24 19 37 24 34 24 22 7 23 34 26 25 23 22 8 39 23 24 24 22 16 24 34 24 16
26 38 24 25 25 12 22 28 39 13 38 13 25 24 23 20 28 22 28 25 35 35 37 1 23 25 6 24 22 23 22 6 22 25 25 23 37 23 1 28 25 34 39 23 12 6 25 25 22 38
33 26 20 27 22 20 36 20 5 26 26 23 27 33 23 27 34 26 22 22 4 20 4 26 23 26 25 20 26 28 26 30 24 1 26 22 20 25 22 28 26 25 26 22 30 26 34 22 16 25
29 13 22 14 18 32 12 4 39 19 13 30 36 23 13 33 10 30 36 33 27 38 14 22 28 10 13 38 25 33 33 11 11 1 29 14 30 36 32 1 25 15 18 32 12 1 3 34 13 26
23 36 24 11 22 18 12 8 11 25 23 22 8 17 28 12 16 30 2 39 36 34 12 39 32 1 28 6 30 17 36 36 32 27 6 26 27 28 13 36 32 22 32 16 13 11 17 32 25 31
24 25 16 23 5 25 24 14 22 29 23 22 25 30 25 23 25 15 25 20 30 5 27 25 16 23 25 22 9 24 25 24 25 28 16 25 23 25 22 5 5 25 25 23 27 20 25 27 7 24
24 22 24 24 31 29 20 28 36 34 17 33 8 34 2 11 12 11 13 11 24 28 17 34 20 10 36 30 36 25 14 33 28 28 24 33 28 25 24 29 34 34 1 34 33 9 35 28 23 24
28 28 25 24 28 24 28 14 24 23 23 22 4 23 29 28 25 10 22 28 22 31 22 28 28 28 23 28 23 23 29 22 28 23 28 30 28 24 16 24 24 24 6 28 24 29 29 22 28 24
22 12 34 22 25 29 27 10 29 22 20 1 1 15 4 15 2 25 11 36 15 4 2 20 2 13 23 22 22 7 15 24 14 29 16 29 25 1 22 36 22 1 17 3 1 13 2 29 2 22
23 34 7 1 2 22 20 29 23 1 2 29 23 2 1 26 23 22 29 1 26 23 1 1 20 2 26 25 1 32 23 1 2 26 29 1 39 2 1 1 26 2 23 29 1 2 1 6 25 18
23 37 27 33 36 12 25 22 23 34 12 15 25 29 34 16 34 37 36 11 36 27 23 23 31 36 37 27 25 38 34 27 33 25 23 28 32 25 36 25 32 36 33 27 36 34 34 3 36 36
6 11 22 22 10 26 35 11 25 33 14 22 11 1 14 10 27 33 22 11 14 22 29 25 25 10 10 29 29 6 6 11 27 16 6 11 11 6 11 36 20 25 27 28 14 28 8 19 25 25
22 22 33 26 26 23 23 26 22 23 12 26 11 39 22 35 11 22 15 22 26 26 19 26 26 14 26 26 35 33 30 22 22 26 12 22 22 26 22 26 26 26 26 25 22 22 32 11 23 23
25 36 25 24 34 22 24 22 35 29 11 24 24 20 9 25 31 35 27 25 24 5 26 35 20 35 35 29 24 10 20 36 22 22 20 22 9 22 12 31 24 12 34 27 36 27 24 22 35 27
25 34 14 39 34 14 34 25 23 11 30 39 16 27 16 4 27 27 27 25 26 32 39 28 16 25 33 5 16 23 27 39 16 13 27 31 13 5 14 13 25 25 23 27 34 23 31 23 5 22
18 24 20 18 27 32 13 25 25 16 1 25 25 22 20 1 7 25 13 22 13 32 1 24 1 22 8 31 25 11 22 22 24 32 13 1 14 22 1 1 10 26 25 1 20 9 13 25 25 32
18 25 24 24 25 20 24 11 24 39 38 31 24 9 24 33 22 24 24 24 23 14 39 2 24 22 22 24 22 24 1 24 39 22 22 22 1 30 24 24 1 23 36 3 22 7 24 10 25 20
2 4 4 24 25 25 5 6 27 4 22 23 25 2 4 1 14 4 17 25 10 3 22 25 5 3 23 25 27 38 4 1 25 4 18 25 4 1 25 23 23 4 4 23 22 23 4 14 5 5
32 28 22 28 25 32 22 28 25 20 28 1 32 25 31 32 28 25 19 28 28 27 30 32 28 32 22 32 20 27 36 1 23 27 28 25 19 24 27 27 1 4 19 25 4 32 32 28 24 28
22 27 20 27 17 22 22 26 27 27 12 16 27 27 15 20 27 38 27 22 22 15 1 27 11 31 22 27 10 16 27 27 1 22 27 12 27 10 27 26 15 25 22 16 22 34 22 1 22 17
26 23 18 23 32 24 26 36 23 25 26 27 24 19 25 25 6 27 23 27 23 17 26 38 27 26 35 16 30 17 25 26 26 26 22 17 27 13 20 27 26 23 35 12 29 26 22 27 27 27
24 28 18 24 33 20 22 24 3 28 24 33 23 33 24 32 37 24 33 37 33 3 8 33 25 3 20 5 9 25 8 6 33 1 7 24 6 36 24 20 28 7 25 18 37 8 6 33 27 33
23 20 26 23 24 13 24 26 20 24 22 20 38 26 25 19 23 28 6 23 26 26 24 22 6 23 26 37 19 23 4 26 23 33 25 30 15 24 19 25 26 23 26 22 23 19 15 20 24 24
6 32 24 32 30 12 2 6 36 35 32 36 26 6 11 29 20 35 12 26 28 33 26 30 35 35 32 6 34 3 30 28 1 32 32 1 6 24 33 24 29 11 2 32 3 29 28 28 36 37
28 38 23 38 12 22 11 30 30 29 22 23 28 34 30 28 12 14 22 27 20 25 35 25 24 8 30 30 29 30 30 23 7 29 28 29 12 20 1 8 7 28 11 38 20 20 20 29 23 23
26 39 2 36 37 26 25 19 33 39 9 7 39 31 7 23 26 12 23 39 39 23 39 37 2 7 12 39 23 39 23 23 39 1 39 39 38 26 26 1 8 39 39 26 39 39 26 26 12 39
22 22 31 23 26 28 34 23 6 23 23 23 36 23 25 11 26 15 23 23 39 28 34 22 22 22 22 23 23 16 11 6 22 23 16 23 23 31 24 31 33 29 37 23 38 25 31 29 23 31
17 11 30 22 30 22 24 30 22 30 34 26 30 22 28 35 30 22 22 28 33 26 37 15 30 24 32 30 18 37 30 22 35 30 29 11 37 22 12 37 22 22 16 22 22 30 22 30 27 23
2 20 22 22 20 20 22 32 25 23 20 20 22 20 30 22 32 22 20 3 20 30 30 20 6 3 11 20 14 19 2 27 20 22 20 19 22 33 2 32 22 22 20 29 22 28 15 2 28 22
30 18 2 18 12 29 2 22 26 1 22 16 17 12 6 19 26 1 1 17 17 16 28 19 22 30 23 19 19 17 39 23 11 3 1 23 23 20 23 3 23 2 7 17 23 23 31 22 2 2
34 17 33 31 34 23 28 22 33 19 35 30 33 34 24 20 17 39 23 28 35 25 29 33 26 35 8 24 34 33 23 30 22 33 34 26 24 18 32 25 24 33 22 35 33 18 33 19 34 8
22 1 24 30 3 1 25 25 23 31 1 3 22 12 15 15 16 25 1 25 16 23 1 22 25 25 23 24 22 1 23 15 15 23 33 25 24 25 27 19 22 15 1 1 1 25 11 24 25 23
22 35 3 3 22 24 24 3 24 22 22 24 35 22 24 25 1 23 24 22 22 3 24 24 24 24 22 22 24 34 3 24 24 22 24 22 22 24 24 22 36 24 31 24 37 1 24 24 20 22
19 39 28 37 22 4 39 15 37 29 1 37 26 27 5 1 1 1 37 5 39 7 37 37 16 10 25 4 37 34 37 5 16 32 37 9 23 28 39 37 38 15 1 24 1 15 23 37 16 28
8 14 8 31 24 14 1 17 24 24 33 3 25 33 19 6 6 26 33 8 5 3 30 33 37 15 15 14 6 36 18 31 4 33 29 18 6 31 14 24 18 31 19 28 7 3 19 33 30 31
28 35 24 8 24 24 24 24 23 24 26 33 31 23 24 8 24 33 24 24 33 23 23 20 26 28 32 31 28 26 26 22 1 24 24 26 24 1 1 24 24 24 20 1 33 33 24 24 26 23
25 22 26 25 25 8 25 24 28 8 39 34 22 31 25 22 24 22 6 26 33 22 26 18 22 25 24 24 22 34 25 22 25 19 25 39 38 26 7 32 31 22 7 30 30 25 25 36 25 32
33 20 20 23 7 5 20 20 30 20 24 25 25 25 20 6 24 22 22 34 20 2 22 2 22 20 24 33 20 22 8 5 24 23 4 24 20 37 19 28 8 14 22 20 8 25 24 22 23 20
29 14 17 24 31 24 29 29 17 39 25 34 20 14 25 25 31 1 13 17 5 5 27 34 14 22 27 26 7 31 25 25 2 34 31 15 8 14 34 20 39 31 5 14 27 37 23 31 23 8
37 1 22 22 1 1 1 1 1 1 1 1 33 22 1 17 34 22 22 1 7 22 2 22 26 22 22 7 39 37 1 25 22 23 38 22 1 22 22 22 1 1 9 22 2 39 22 29 1 23
27 25 23 28 23 16 6 23 22 37 23 23 26 23 31 37 23 28 28 22 15 22 22 23 3 12 23 23 28 28 7 23 23 4 23 23 23 22 23 27 22 23 23 28 23 11 4 3 22 22
26 24 28 7 28 32 4 32 32 32 38 27 32 28 26 30 32 27 34 36 4 26 1 35 39 26 32 22 24 28 38 32 32 28 28 35 1 23 32 26 32 32 34 7 4 4 24 30 28 37
24 24 24 22 24 24 24 24 37 22 22 24 24 25 24 32 22 24 24 22 22 24 2 22 22 36 39 22 28 37 24 22 24 39 22 22 37 22 22 22 22 25 37 22 24 26 24 28 22 24
20 16 27 31 31 28 5 13 37 28 28 19 18 28 24 27 10 37 32 8 32 24 28 13 30 37 16 28 27 10 17 28 25 28 27 23 4 17 23 23 22 28 39 27 24 20 6 28 28 17
34 8 23 9 18 32 32 34 28 23 32 32 34 37 32 17 23 25 9 22 23 25 8 34 17 23 32 32 8 9 19 28 22 34 35 25 8 34 8 35 23 28 35 9 34 24 32 8 20 28
34 31 3 23 26 26 26 29 1 2 22 27 31 30 1 22 8 33 31 3 23 31 30 28 7 39 1 31 30 25 8 22 6 39 30 31 22 31 23 1 22 31 1 37 29 22 18 13 30 3
33 33 18 2 19 9 30 30 2 7 1 22 23 23 24 1 36 27 29 28 22 9 17 1 9 22 23 1 22 33 7 23 1 10 26 29 23 31 31 1 24 22 31 15 1 1 39 23 8 24
22 10 22 5 25 10 26 36 9 9 22 33 39 10 39 25 25 9 9 9 31 32 22 9 25 36 17 33 9 22 25 25 9 9 6 26 32 25 22 17 9 9 25 25 10 30 12 26 29 24
25 24 38 30 31 23 33 38 25 23 22 25 25 22 31 24 24 25 36 36 23 1 34 22 14 33 26 24 4 24 2 1 26 38 38 25 11 28 24 24 24 37 23 23 38 24 25 23 38 25
23 29 25 23 24 32 29 5 5 32 9 5 23 5 29 29 25 23 23 5 37 5 22 29 5 24 25 29 29 5 24 22 29 5 24 5 25 29 25 26 27 23 24 23 22 22 5 25 32 4
28 9 22 28 12 6 20 15 19 26 28 26 23 10 38 30 12 6 11 10 28 5 28 28 19 22 15 6 35 22 36 28 22 23 28 28 28 35 26 15 15 28 2 28 28 15 28 28 6 28
27 30 28 22 22 30 30 30 38 30 38 22 30 30 24 30 27 30 22 31 28 30 30 30 27 30 30 30 30 23 22 22 22 30 30 7 6 3 30 30 22 22 30 15 30 30 11 38 22 6
22 6 14 26 20 27 11 29 24 24 28 16 14 24 22 18 23 33 39 23 22 30 11 22 39 34 22 4 17 35 39 16 24 26 24 26 28 11 24 31 30 39 14 25 27 11 39 3 27 24
6 32 34 34 16 38 27 33 20 22 6 20 32 16 35 27 32 34 20 33 12 24 26 38 22 35 38 20 33 33 38 20 20 32 33 22 17 20 34 38 33 20 32 6 27 17 19 27 37 24
13 37 35 35 25 34 36 34 11 25 29 27 32 22 37 35 5 36 38 27 29 34 35 37 37 3 10 28 35 26 22 3 26 34 25 29 37 10 18 38 22 27 36 34 18 18 30 39 3 37
25 34 19 23 32 14 27 16 30 6 24 28 29 22 16 35 18 2 6 7 14 27 24 30 28 25 30 29 2 30 27 23 30 20 27 6 8 28 30 24 6 30 27 6 28 17 25 38 23 34
1 33 27 36 20 39 28 1 34 1 26 37 7 4 7 4 8 32 37 25 39 20 15 1 37 4 7 34 26 1 1 28 12 16 34 13 39 4 34 1 37 23 4 12 32 39 1 34 28 1
1 26 22 2 6 2 26 24 16 14 35 15 35 32 26 26 26 15 26 22 1 15 27 26 14 25 37 5 15 20 22 37 26 28 26 27 30 25 22 26 14 2 1 22 15 26 22 27 32 26
30 20 34 4 38 34 25 20 25 20 34 34 23 1 1 19 20 4 1 4 35 23 34 2 14 4 20 25 1 4 9 25 31 20 1 20 25 20 25 33 34 20 20 1 30 30 1 4 30 25
24 25 31 19 28 28 1 4 3 33 28 33 23 3 19 3 33 27 19 28 37 29 25 24 34 28 28 28 24 28 27 28 30 30 30 22 28 25 27 4 25 28 28 27 25 35 25 17 28 8
22 32 30 27 20 32 27 35 1 39 31 31 38 39 35 27 27 28 27 22 27 27 39 23 27 24 27 28 27 34 27 37 23 32 20 20 34 27 22 34 39 28 22 31 31 30 39 29 34 2
3 16 22 15 23 25 19 2 25 20 22 11 30 19 23 22 16 20 23 22 23 23 29 23 16 23 23 16 19 15 28 26 1 23 11 20 22 23 19 22 20 16 17 17 3 22 22 23 29 11
23 22 23 23 23 3 22 18 22 16 22 22 22 22 23 23 23 22 23 23 23 23 22 22 23 23 22 36 6 23 23 23 23 38 5 31 22 30 36 22 23 22 22 22 36 23 23 24 23 22
1 22 29 1 22 1 35 22 24 7 1 24 1 20 33 35 24 35 35 22 1 22 22 1 33 22 20 1 22 29 30 22 22 23 29 24 22 1 1 1 22 20 22 1 36 29 29 20 35 1
1 1 14 1 1 1 1 26 1 1 1 22 1 22 1 22 30 1 20 22 22 22 1 1 22 19 25 22 22 1 22 22 29 29 1 1 1 1 27 22 29 22 8 22 1 6 11 22 1 26
22 26 26 26 22 26 22 7 26 29 22 26 26 26 26 26 26 17 24 22 22 29 20 39 22 22 26 26 26 26 22 29 26 22 22 22 24 22 22 10 22 36 26 26 10 24 26 17 26 22
23 34 22 22 4 34 24 22 23 23 25 24 24 34 22 22 22 16 25 22 23 4 23 23 23 18 24 23 4 24 29 24 34 24 22 7 22 22 23 36 22 17 25 25 25 22 4 22 30 22
29 23 33 24 27 35 35 10 27 33 35 23 32 11 35 9 33 33 33 23 24 12 31 26 26 38 23 23 23 9 9 23 28 22 30 31 24 33 35 23 29 33 22 11 34 29 26 33 38 12
30 22 29 24 24 30 19 30 38 22 22 12 4 30 30 30 26 22 23 23 23 30 15 30 31 6 22 22 24 30 32 22 12 26 12 30 30 22 22 22 24 22 22 22 16 30 30 12 16 22
23 23 28 32 32 7 31 19 2 23 2 22 3 7 23 22 23 18 36 7 23 7 10 7 22 34 22 19 22 23 22 15 22 36 35 23 30 35 23 7 23 1 2 22 1 29 32 23 36 32
22 11 25 22 25 22 36 22 22 1 9 1 24 12 36 22 22 10 22 34 9 24 10 22 23 36 10 36 22 36 28 22 22 36 36 36 36 36 36 36 22 22 25 36 39 22 36 36 1 22
31 23 22 39 23 31 15 22 24 22 22 32 30 34 29 22 32 24 8 24 23 31 18 30 22 8 23 23 34 22 23 31 22 34 23 38 30 9 11 36 23 23 34 32 32 9 22 22 31 24
28 23 22 26 22 22 22 23 26 22 38 23 39 7 23 22 22 5 23 28 22 22 23 22 22 25 23 35 23 16 37 22 22 22 7 39 22 23 18 25 22 37 17 1 23 22 33 23 22 22
32 32 32 13 34 1 28 23 38 28 27 28 8 28 23 29 28 27 23 28 2 28 26 20 9 28 28 22 20 23 20 27 29 32 2 28 22 20 27 32 34 22 28 22 31 3 28 28 30 31
31 18 23 18 28 27 1 36 28 39 24 36 1 6 39 11 25 28 26 10 7 19 11 39 11 36 27 34 24 24 24 27 20 18 27 25 28 18 6 27 26 1 39 31 11 27 29 6 25 39
18 27 30 22 23 1 1 22 23 2 31 22 23 23 30 1 9 1 3 4 23 11 11 11 2 26 23 26 23 26 1 1 23 22 24 5 23 23 23 1 11 12 1 22 26 38 23 22 23 2
12 32 26 32 25 26 26 38 17 26 26 22 32 33 32 26 31 25 27 31 1 17 26 5 32 16 32 27 26 32 38 15 26 23 16 26 12 25 35 22 1 22 27 26 31 32 23 15 33 32
25 23 35 23 26 25 26 25 23 7 35 39 23 35 33 22 23 30 25 35 17 22 33 23 26 23 35 35 35 36 14 22 26 35 25 6 35 25 35 28 38 17 35 22 22 22 25 28 7 22
22 28 24 24 18 18 28 30 22 30 27 5 22 28 24 24 24 26 35 19 22 22 26 22 23 26 22 24 28 27 24 22 26 23 25 22 28 28 6 18 20 24 22 24 20 22 24 24 3 24
20 24 24 20 23 15 20 20 23 23 13 38 23 24 20 24 20 22 20 23 12 22 20 23 24 20 22 23 20 24 1 24 32 28 24 37 23 20 1 34 28 20 1 24 38 23 22 24 23 22
26 9 25 23 22 22 24 24 24 38 24 22 22 25 33 27 38 33 24 22 24 24 26 24 22 18 38 25 22 23 25 24 22 22 31 24 7 10 22 17 24 25 22 33 23 24 24 24 12 24
22 23 22 23 23 22 2 22 24 22 22 20 18 23 22 22 23 26 4 22 3 22 22 22 22 23 20 22 23 23 23 22 1 23 22 22 23 23 23 23 23 23 22 22 10 23 23 20 22 23
27 35 22 27 22 22 22 22 27 28 27 22 5 12 36 22 22 22 4 27 27 27 28 28 22 27 27 6 27 25 30 25 18 22 22 22 22 12 27 32 27 33 22 22 22 22 27 33 18 22
30 7 12 24 37 29 24 3 39 34 29 23 24 31 22 14 11 24 31 31 33 23 1 12 11 29 28 30 15 39 2 31 1 14 15 24 12 31 23 27 1 31 23 15 11 27 23 23 29 13
30 26 32 27 26 2 34 31 38 22 24 30 39 28 25 20 24 32 24 19 26 23 28 29 26 23 28 8 7 30 31 24 31 20 39 24 31 39 23 26 19 13 32 28 29 30 24 23 22 23
8 22 25 31 27 2 38 18 17 25 22 19 15 4 27 7 22 11 31 25 11 25 27 31 8 25 16 28 11 31 32 25 35 25 19 26 39 39 22 31 32 27 2 8 25 20 27 22 3 5
34 37 1 30 34 37 15 1 7 37 37 1 1 14 22 30 1 34 1 36 35 34 22 34 34 30 29 22 22 22 22 23 35 34 34 13 5 2 23 20 33 32 32 34 36 34 22 13 34 22
31 22 22 13 37 32 35 33 34 26 25 29 23 6 3 10 1 29 13 1 35 9 26 23 15 22 1 23 34 15 23 11 25 20 25 1 29 11 20 13 15 3 12 1 22 1 11 26 23 25
8 35 38 38 38 27 37 10 38 22 38 38 38 15 38 6 10 22 38 38 27 22 38 3 38 38 1 38 38 15 24 22 27 27 27 38 27 14 22 22 38 35 24 19 22 25 22 24 6 3
26 13 33 23 13 25 13 27 36 23 22 38 38 23 23 27 28 23 12 38 23 25 23 9 38 23 36 22 26 38 28 27 13 27 13 12 3 20 18 12 23 32 23 23 13 10 12 38 22 38
24 24 31 38 31 24 19 31 24 24 38 24 31 14 15 31 31 38 31 38 24 13 23 13 24 4 15 32 13 24 28 23 14 36 38 22 38 38 29 31 38 24 24 15 31 31 15 8 24 38
22 39 22 37 23 23 37 1 1 6 37 23 22 32 25 22 37 3 22 22 37 22 37 22 24 37 37 37 22 17 37 37 37 22 22 39 22 37 23 22 37 22 22 37 22 24 22 22 37 27
22 22 32 22 29 13 17 39 15 26 23 25 22 39 25 17 25 18 22 25 25 6 27 34 18 9 5 23 6 8 16 22 25 25 25 9 7 34 26 27 27 25 22 32 27 38 5 6 9 37
23 3 20 5 27 22 22 5 27 22 27 27 39 27 22 27 27 27 27 27 24 22 27 38 22 22 22 22 22 27 22 22 27 27 22 18 22 15 22 27 27 27 27 22 22 11 20 27 8 28
22 30 22 6 5 24 5 23 9 30 22 23 28 12 24 33 23 35 30 38 27 24 26 24 9 24 30 30 23 29 29 22 24 29 8 29 5 22 24 6 16 24 22 7 23 31 14 5 7 30
22 28 24 20 30 22 24 23 22 22 24 25 24 7 22 22 22 24 8 24 7 10 22 18 30 24 24 28 30 22 24 30 9 22 23 22 22 22 6 24 35 22 24 24 39 24 24 22 24 24
25 22 33 22 24 24 22 24 16 6 22 22 22 28 22 22 22 36 31 22 22 24 6 32 24 24 22 24 24 15 15 30 25 27 29 22 26 33 24 24 24 37 24 22 24 5 25 29 33 24
24 22 20 36 38 22 4 33 24 22 23 11 11 5 22 24 24 11 24 29 24 17 22 24 12 11 37 24 36 5 22 32 22 22 38 24 24 22 11 16 19 18 24 36 29 23 11 25 22 22
