173 182
129

174 191

158
148

138
177
159 168 196
162 165
171 189
154 181 192


176
152 157 189
163

135 140 143 172

125 145
180
157 163
143 192


144 149 194
115 190
163

131 184

190 196
170
127 188

195 197
126 160 171


172

138 182


185
139


170 185
104 186
111 116 122 189

198
125
167


127 146
164

186 195


132 167 199

157 164 173

113 115 121 122 140 149 153 164
158
190
180

171
150
161 174 188
187 193 196
144
184
191

173 175

119

164 198

155 170
130 158 178 199



191


160
156

