307 310 314 315 316 321 322 323 325 327 337 338 341 344 355 374 378
305 313 314 332 334 340 345 349 351 355 358 368 390 399 406 412 431 452 461 466 468 485 512 547 551 555 557 559 561 576
302 307 312 313 315 316 321 325 326 328 331 337 338 345 346 351 356 363 365 367 373 378 379 383 412 418 431 433 461 473
303 305 306 311 317 327 329 330 333 367 372 384 385 388 412 422 442 462 463 559 578
328 343 368 385 389 416 568
305 306 309 314 316 317 318 325 327 328 329 332 333 334 336 338 339 342 343 346 355 370 371 372 386 390 391 396 397 399 407 413 415 417 418 429 431 432 439 463 464 487 488 489 500 503 516 518 522 525 527 549 551 553 560 566 580 584 587 596 598 599
302 306 314 321 323 333 340 348 355 357 359 388 390 398 405 406 408 415 422 436 441 457 466 467 475 480 481 485 496 515 544
303 309 311 321 343 350 351 356 365 388 390 394 402 414 441 449 455 477 517 530 539 558 596
303 304 309 315 316 319 324 326 328 334 343 355 378 383 394 402 434 458 487 495 501 534 543 550 561 562
315 321 429 467 469 527 599
303 305 311 319 330 331 337 352 354 357 369 391 409 422 454 462 524 557 586 587 589
305 308 313 314 319 325 338 342 351 354 363 364 374 379 381 385 389 397 400 414 463 555 576 585
303 310 316 317 318 331 334 335 339 351 421 428 477 485 509 526 589 596
304 310 311 312 315 323 326 335 345 354 377 413 419 435 458 477 526 530 533 596
302 308 311 314 315 321 322 331 334 335 349 354 360 369 374 381 387 394 402 406 407 411 413 415 453 454 480 503
312 318 335 345 350 377 387 405 430 456 467 481 491 507 590
302 307 313 314 318 319 327 333 347
357 362 377 415 420 447 460 473 480 488 497 552
314 322 330 332 333 361 367 480 491 493 510 515 523 546 579
305 306 308 312 315 326 327 333 338 339 347 350 358 373 379 383 389 391 396 399 408 433 451 466 487 489 505 514 519 520 529 548 554 569 572 589 598
305 306 308 310 315 316 324 325 337 338 342 356 364 366 368 383 388 407 408 414 415 421 433 441 442 455 465 470 487 496 509 511 515 532 544 555 556 562 588 599
306 307 308 309 311 312 315 319 322 325 326 332 333 335 337 340 341 357 359 403 419 426 427 443 448 477 492 499 500 504 513 526 530 531
302 303 304 306 307 308 311 312 313 315 316 325 328 332 334 358 383 397 408 458 466 484 499 545 546 547 554 557 558 559 562 565 571 574 575 587
302 307 319 328 340 353 360 367 369 379 396 424 443 448 450 491 497 568
305 307 312 351 355
305 308 315 319 331 332 333 339 340 341 348 363 364 366 380 391 392 410 417 452 494 500 511 515 520 522 528 543 564 591 595 598
302 306 307 311 315 316 317 319 326 329 330 337 339 344 357 361 367 374 400 432 438 454 478 484 502 503 508 532 536 542 543 554 576 586
302 303 304 322 336 354 376 385 392 492 507 538 573 577 578
305 311 324 336 343 351 396 399 454 463 473 491 503 528 555
303 304 305 308 310 311 319 320 321 360 389 394
302 305 306 309 310 335 336 337 338 349 353 356 373 380 384 387 404 423 429 441 471 483 491 501 512 518 546 548 555 567 586 594
313 315 318 335 344 370 372 373 436 498
315 327 351 376
302 304 306 307 308 319 320 322 332 335 341 347 363 377 383 451 457 487 492 497 520 574 581
303 319 353 361 362 373 389 409 418 421 490 509
306 321 343 346 347 349 431 508 543
302 303 306 307 310 311 312 313 321 324 325 328 329 335 337 359 360 365 367 378 393 396 406 417 448 484 503 524
305 307 308 310 312 313 322 323 324 325 327 331 344 362 371 375 377 383 401 406 433 438 439 458 459 464 472 473 487 490 520 535 549 552 559 583
302 303 304 316 335 341 352 362 366 367 368 383 404 410 431 432 465 473 508 518 519 523 545 548 566 569 585
317 323 358 401 404 414 420 430 432 436 450 458 459 461 463 478 483 487 519 525 547 570
302 305 309 310 311 312 317 334 336 337 350 361 369 386 388 408 410 426 435 442 451 467 472 501 534 545 549
303 304 306 332 334 343 347 351 359 360 386 394 397 402 406 411 453 471 477 479 489 509 523 527 529 547 552 585 587 588 590 592 593
303 304 306 309 312 313 315 317 323 327 328 350 357 362 368 373 382 386 397 413 422 444 452 486 523 532 546
302 304 306 322 329 344 367 380 389 392 416 423 435 473 477 478 479 481 482 496 498 520 537 540 558 585 599
311 313 316 324 338 341 346 350 441 470 500 544 578 581
302 303 304 310 311 313 314 321 324 326 327 329 340 346 364 366 370 374 377 380 384 396 403 421 429 442 449 457 475 479 497 513 533 546
302 303 307 308 309 310 313 315 316 320 323 324 326 328 336 339 344 355 372 376 377 418 425 432 470 496 509
326 358 361 403 448 509 512 534 543 564 598
303 305 312 318 319 322 325 369 384 388 391 396 426 452 464 476 481 489 497 498 507 521 572
302 310 312 319 323 334 337 350 363 365 368 410 415 416 447 448 473 503 541 546
302 304 305 311 317 319 321 325 326 334 338 346 347 349 361 363 368 371 374 380 383 391 400 406 407 413 418 419 446 448 454 463 467 493 497 499 510 522 586
303 304 309 312 314 316 317 319 323 331 334 347 355 357 366 370 372 393 408 420 459 533 561

309 336 343 352 394 420 436 446 451 513 533 558 567
310 313 314 317 321 330 336 351 353 360 370 379 418 422 431 436 444 460 485 492 498 512 516 532 559 584 590
302 303 308 309 316 325 330 337 347 351 352 362 368 379 397 399 403 412 417 429 438 445 448 450 491 517 522 531 533 586 589 592
302 426 453
303 308 310 317 318 344 346 361 388 425 449 451 484 496 515 521 571
302 303 305 310 313 317 318 320 324 327 331 333 334 339 344 346 357 359 369 378 381 385 387 403 425 436 471 485 502 519
303 304 306 309 310 321 327 329 335 338 340 341 342 343 345 356 360 368 375 381 384 387 395 405 435 440 443 451 465 521 528 534 554 592
302 306 309 314 315 316 317 318 319 325 333 340 367 377 390 391 392 404 422 450 469 478 482 484 542 543
307 310 312 320 330 332 349 357 381 391 459 479 483 488 525 530 535 573
302 303 305 310 311 319 324 325 330 331 353 354 363 374 398 405 412 417 451 457 492 545
303 304 305 309 316 319 321 326 332 346 384 406 428 454 469 508
303 305 312 314 316 321 323 325 326 328 337 353 354 355 357 365 368 377 378 383 387 388 397 401 411 414 418 460 470 483 548 574
308 314 321 333 336 340 341 344 346 350 368 387 406 430 445 459 460 474 480 537
302 303 306 307 308 309 311 313 319 320 326 328 337 342 347 349 353 355 372 373 375 381 399 406 411 419 436 438 457 465 504 520 562
318 327 328 335 358 362 383 427 434 440 442 513 519 528 539 565 582 588
307 319 332 361 403 404 405 414 446 490
304 306 307 308 309 311 312 313 315 321 326 343 344 348 357 373 378 385 396
307 309 310 311 321 327 329 330 333 347 354 365 366 369 379 383 397 410 418 422 442 443 449 453 459 469 471 480 482 487 497 506 514 569 575 584
307 309 312 313 314 316 330 332 337 346 349 353 354 356 359 365 378 385 389 398 400 403 410 417 420 436 437 440 455 458 462 464 468 470 476 498 505 506 508 516 525 532 534 544 553 559 571 577 578
306 307 311 312 315 321 326 334 342 347 349 353 357 360 361 364 378 393 396 397 401 416 426 438 444 447 452 468 490 503 504 508 520 523 538
304 316 318 328 329 345 358 364 372 396
302 304 308 310 316 321 329 335 339 341 342 346 350 353 354 360 362 366 386 388 406 407 415 416 425 430 434 436 441 451 452 465 491 493 499 510 511 515 523 526 528 548 550 554 564 569 571 575 581 588 597
312 314 318 357 430 436 445 449 453 466 494 499 500 514 515
306 309 311 313 316 332 348 442
302 309 310 322 325 327 328 334 338 343 346 351 359 382 387 402 457
304 310 322 324 329 334 336 339 344 373 390 395 420 438 456 457 458 464 473 479 480 485 492 495 500 501 505 508 509 589 592
303 315 316 322 323 337 354 361 363 389 391 396 398 399 401 407 408 423 446 478 512 532 555 559 563 598
302 304 305 306 307 308 310 311 314 315 316 317 318 320 321 322 323 325 328 330 332 334 337 338 339 340 344 345 356 360 368 369
303 308 309 310 313 314 315 317 323 324 326 327 328 331 337 346 348 356 359 364 379 383 384 396 399 402 421 466 473
303 305 318 323 331 335 336 340 342 346 351 355 358 359 363 364 381 385 395 396 400 409 424 427 450 461 465 482 504 521 563 582 597
302 307 314 316 317 319 322 324 325 330 333 341 342 348 373 378 381 386 393 395 404 409 432 448 461 465 469 483 512 522 539 553 567 584 588 591
302 303 304 308 311 316 323 327 331 352 353 364 374 375 378 385 391 407 429 435 451 461 469 488 501 504 514 524 533 541 543 558 568 575 576 596
305 306 308 329 341 354 360 395 400 433 435 438 474 476 486 535 556 557 573 575 577
305 306 307 310 317 321 326 327 328 331 341 347 376 382 387 405 470 503 524 539 554 574 591
304 308 325 332 340 345 351 356 361 368 372 380 386 414 426 438 440 486 554 570 575
302 304 305 306 317 338 344 350 372 394 428 445
307 308 315 318 320 333 335 347 357 379 389 396 407 409 410 415 424 436 438 439 450 490 509 529 532 550 565 566
312 317 334 335 342 356 366 369 384 409 421 424 426 430 435 439 442 443 523 528 532
303 307 310 324 335 337 350 364 375 379 383 396 410 499

303 307 311 312 353 383 393 397 413 434
345 350 353 369 523 526 566 572 584
304 306 307 315 318 331 340 353 378 397 416 438 455 483
307 309 314 320 332
343 345 380 381 406 442 477 499 524 535 537 554 581 595
303 304 309 310 311 313 318 319 322 323 326 329 332 333 336 337 338 341 344 347 352 353 372 375 377 398 419 427
304 305 307 308 318 329 333 342 351 359 392 399 408 421 422 432 444 450 466 467 488 491 497 552
