102
107 119 150 171
108 117 145 146 186 199
114 160
121 130
104 108 115 116 135 139
102 103 104 109 110 113 119 123 128 145 150 155 159 175 183
102 103 109 110 111 123 136 138 141 152
146 174



114 191 196
124 177
104 105 113 125 131 135 136 140
109 111 113 132 138 141
102 103 105 106 111 117 147 152 164
110 112 113 116 119 120
117 136
102 115 118 128 131 139 187
102 173
104 105 106 107 111 125
151
102 105 107 109 134 142 149 176
106 108 116 143
105 110 133 142 150 170
176
102 103 104
102 104 105 107 110 111 116 118 124 127 152 177
103 110 124 139
102
172
102 121
106 111 113 123 131 133 147 160 175 180

107 108 120 121 123 126 130 131 132 134 140 145 149
102 103 105 107 109 112 113 117 123 132 136 178 187
103 117 151
104 139

116 118 129 131 138 147 167
108 128 133 155 191 197
102 103 105 107 108 128
174
102 103 104 105 108 109 110 115 117 121
104 112 135 172 175
108 110 133
102 107 109 110 113 115 117 121 130 142 159 190
104 106 108 115 122
104 106 108 109 112 117 121 128 135 136 147
108 111 174 197
109 112 114 118 137 143 156

105 149 185


141
103 105 106 109 110 111 112 113 114 115 130 138 147
106 119 124 159 170
135 149 167
129 133
104 106 107 121 122 124 126 127 129 142 150 164
110
106 109 110 113

127 145 164

104 122
107 125 134 143 146 157 182
105 106 108
102 114 122 127 130
136 181 182
102 103 105 106 109 116 134 136 156 175
103 104 105 107 109 116 117 118 119 152 169 181
110 111
105 107 134 139 174 191
103 104 109 112 115
103 113 118 119 125 138 153
102 103 104 105 106 108 113 122 140 154 158 165 189
102 108 114 115 117 124 129 131 169 185
102 113 115
103 105 138 141 165
153
117 123 127 137 143 145
134
102 103 107 112 118 126 135 141 160 161 176

114 118 125 129 133 146 153 154
110
107 109 124 140 149

102 106 109 114 118 126 128 130 148 159 168 176 189
106 107 112 152
118 150 175 178
103
105 116 122 123 127 129 145 157 172 174 190
111 116 145 147 185
109 114 120 130 152 153
106

