61
52 53 58 60
52


78 88 90
89
53 54 64 69


52 53 58 59 78



55 69
53 54 55 58 59 60 80 82


56 57 58


83 84 96
77

54 66 68
77 89
78 84 93
54 56



53 56 58 59

74 81
56 73


54 66 93
75 88 90 92

57
55 57





55 71 73 93


52

53 63


56 59 72 76
52 61 66 67 72
54 55 63 64
73
57 65 70 74 77
53 65

52 53 55 59 61

52

53 54 55 60


54


61 66
93
54 60 71
52 53 54 55 57
52 59 64 68
65 86
52 56 61 62 63

56
55 56 59 62 63 74


56 57 65 75
53 74 79 86

66 75 88

65 78

54 59 67
73 78


59
63



