153 173 182
129
174 185 193 197 198 199
157 174 183 191

117 158 179
135 138 148

110 138 146 163 185
125 177
155 159 168 196
123 162 165
125 134 137 149 171 189
117 129 134 154 181 192

142
113 125 176
150 152 157 189
163

125 135 140 143 172

120 125 145
152 163 180
113 116 157 163
125 143 192


142 144 149 194
113 115 190
151 162 163
125
128 131 181 184

123 157 190 195 196
170
127 162 188

140 195 197
126 160 171


150 156 172

138 182


150 172 181 185
103 139 140


157 170 185
104 143 185 186
110 111 116 122 129 144 189

117 120 137 173 198
120 125
122 167
139 144 173 193
166 170 193
113 127 146
126 164

111 186 195


113 132 167 199

157 164 173

107 113 115 121 122 140 149 153 164
158
142 145 164 190
124 180

138 171
150
152 161 174 188
122 187 193 196
144
112 184
119 132 162 191

173 175

109 110 119

146 164 172 187 198

146 155 170
107 130 158 178 199

130 134

133 151 153 191
190

145 160
135 156
106 121 165 199
