52 61 66 90
52 53 58 60 61 66
52
71 91

78 88 90 97
89
53 54 64 69 76 86
99

52 53 58 59 78
58
52 63

55 69
53 54 55 58 59 60 65 80 82
75
80
56 57 58
70 84
61
83 84 96
52 77 81

54 58 66 68 82 83
77 86 89
72 78 84 93 95 98
54 56 57 59
91 98
62 64 87 98
99
53 56 58 59

74 81
56 73
98

54 66 79 93
75 88 90 92

57 64 83 92
55 56 57 69 70 85 96


64

56
55 71 73 89 93


52 61 62

53 63

61 65
56 59 68 72 76 81 89
52 61 66 67 71 72 81
54 55 63 64 65 70 97
73
53 57 65 70 74 77 79
53 65 84

52 53 55 59 61 63
56 61
52 58 61 70
62 65
53 54 55 60 72
52
60 63
54
60 65
59 76
61 66
62 93
54 60 70 71 73 92 95
52 53 54 55 57
52 56 59 64 68 80 85 93
54 59 65 86 88 95
52 56 61 62 63 64

56 82
55 56 59 62 63 67 74


56 57 65 69 75 76
53 59 74 79 86

66 75 88 94

60 65 78 80 87 94 95 98

54 59 61 67 73
55 73 78 81 93
59 81

53 59
63 67
57

92
