308 378 446 500 505 599
436 443 485 487 511 561
439 465 469 472 474
374 415 461 468
373 552
483 513 536
308 341 389 528 531 546 587 596 598
359 415 424 432 543 588
372 423 487 494 514 552

375 411 515 567
507 554 591 593
432 451 486 518 583
356 423 439 441 587
427 547 557
322 383 403 405 410 463 469 595
324 382 411 432 437 512
322 364 421 424 428 471 504 589
326 329 336 339 343 350 354 428 439 441 485 595
381 546
370 498 527 583
311 367 408 419 432 547
358 424 442
457 475 522 541 565 572
333 556
335 373 387 395 400 435 534 539 568 599
500 563
349 350 369 376 429 468 523 587 597
380 493 501 513 525 559 574
371 390 506 549 557
402 431 452 457 481 537 598
404 468 592
362 366 455 507 514 532
311 321 369 474 478
382
319 351 384 435 441 446 457
466 528
380 405 438 517 576 596
330 490 530 564 565
318 351 360 390 519 575
312 377 476 489 497 507 578
324 353 358 360 456 457 501 504 520 524 589


308 310 331 404 436 538 574
514 518 554 562 596
343 367 385
339 344 420 435 460 566 569 595
318 329 330 414 438 550 551 570 581
373 388 484 536
403 414 421 454 455 502 512 565
353 471 496 504
481 572 587
305 321 420 433 472 568
367 390 406 457 557
306 326 349 358 361 389 400 425 442 512 540 568

405 417 428 554 587
324 377 427
393 400 443 496 530 580
435 439 509 539
447 557 561 570 581
385 392
372 387 441 502 507
310 327 452 481 522 560
362 371 395

355 479 480 513
353 374 404 411 416 440
435 438 441 442 581
381 483 514 517 542 555 576
415 436 448 525
373 498 540 570
336 339 346 497
327 349 360 445 457 471 515
382 392 408 445 465 505 547 577
496 515 527 538 554
434 449 496 525 555
381 437 561 564
404 414 457 489
324 330 430 446 518 554 562 577
497 545 572
372 388 432 439 458
344 380 428 478 489 542

312 335 346 365 382 386 440 497 507
410 425 500 523 527 536 596
447 512 523 549 575 582
401 402 426 473 535
404 519 557
314 315 469 473 502 517 527
375 430 445 450 468 519
316 362 477 496 551
392
355 405 503 507 544
329 334 344 361 370 374 479 482 509 560
310 315 326 334 335 352
550 586 588 594
337 388 454 472 496 507

