102
105 107 119 150 154 171 174
108 117 124 144 145 146 159 186 199
107 114 130 160 164 191
104 108 121 130 133
104 108 113 115 116 135 139 147
102 103 104 109 110 113 119 123 128 145 150 155 159 162 175 183 184 189
102 103 106 109 110 111 123 136 138 141 152 154 164 175 178 184
137 146 174 184
196 197


114 191 196
124 177
104 105 109 113 122 125 131 135 136 140 153 174
109 111 113 132 134 138 141 153 166 170 176 187 195 196
102 103 105 106 107 111 117 131 147 151 152 154 156 164 165 167
110 112 113 116 119 120 132
117 118 119 120 136 177
102 115 118 128 131 139 143 147 179 187
102 112 126 139 148 152 173 176
104 105 106 107 111 116 121 125 141 152 165 177 198
135 151 152 183
102 105 107 109 114 134 136 142 149 154 176 181
103 105 106 108 116 130 132 137 143 149 173 175 193
105 110 119 120 127 133 142 150 156 170 173 178
104 131 148 168 176 190
102 103 104 118
102 104 105 107 110 111 116 118 123 124 126 127 129 147 152 177
103 110 124 139
102 107 145 152
124 134 160 172
102 121 122
106 111 113 123 131 133 147 160 175 180 189

107 108 120 121 123 126 130 131 132 134 137 139 140 145 149 157 164 165
102 103 105 107 109 112 113 117 123 132 136 149 160 162 178 187
103 117 137 148 151 196
104 106 121 128 139
105 148
116 118 122 129 131 134 138 147 150 167
108 124 128 133 155 191 197
102 103 105 107 108 128 167
129 142 174
102 103 104 105 107 108 109 110 115 117 121 128 135 159
104 112 122 135 172 175
108 110 111 128 129 133 176 182
102 107 109 110 113 115 117 121 130 132 142 159 170 190
104 106 108 110 112 113 115 122 123 127
104 106 108 109 112 117 121 128 135 136 147 164 166 181
108 111 112 174 197
109 112 114 118 137 143 156 160
142
105 130 134 142 149 185
104 147
106 114
124 130 141 150
103 105 106 109 110 111 112 113 114 115 116 118 120 130 138 147 165
106 119 121 124 131 136 159 170
135 149 155 167
102 107 110 118 129 133 192 198
104 106 107 121 122 124 126 127 129 131 142 144 150 155 161 164 180 186
110 111 113 178
106 109 110 112 113 133
102
115 122 127 139 140 145 164 165 166 169 197
104 105 110 194 198
104 109 118 122 131 144
107 125 134 143 146 157 161 182 183
105 106 108 113 118 123 144
102 114 122 127 129 130 135 149
116 121 136 181 182
102 103 105 106 109 112 114 116 124 133 134 136 156 160 175
103 104 105 107 109 116 117 118 119 124 133 152 169 181
105 108 110 111 129
105 107 134 139 157 174 191
103 104 109 112 115 117
103 113 118 119 125 138 144 153 157
102 103 104 105 106 108 113 114 119 122 127 129 140 154 155 158 165 189
102 108 114 115 117 124 129 131 148 169 170 185 197
102 113 115
103 105 116 124 129 138 141 145 165 174 176 197
103 107 153
117 123 127 137 143 145 166
134
102 103 107 112 118 126 131 135 141 145 160 161 171 176 177
119
114 118 125 129 133 146 153 154 170
110 111 123
107 109 116 124 125 140 149 163 175 178 196 199
104
102 104 106 109 114 118 126 128 130 131 148 159 168 176 178 188 189
103 106 107 112 116 134 152 165
102 114 118 150 158 175 178
103 113 116
105 116 122 123 127 129 145 157 172 174 190
111 116 145 147 159 185 194
109 114 120 130 132 152 153 160 172
105 106 108

