308 313 315 320 378 409 442 446 468 500 505 599
365 412 419 436 443 445 446 485 487 511 561
373 421 439 465 469 472 474
367 371 374 387 399 415 439 461 468
355 373 552
348 368 381 437 483 513 536
308 341 389 425 442 469 503 512 528 531 541 546 587 596 598
306 336 345 359 374 404 406 407 415 424 432 543 588
372 374 384 399 423 458 487 494 499 514 552

323 325 360 375 395 411 515 567
371 410 507 554 591 593
361 384 389 422 432 451 483 486 518 583
356 423 439 441 587
380 427 512 514 547 557
309 322 337 353 383 403 405 410 463 469 595
321 323 324 353 355 375 379 382 394 411 414 432 437 485 512
322 364 421 424 428 445 452 466 471 486 503 504 589
319 326 329 336 339 343 350 351 354 428 439 441 485 595
319 371 381 382 424 447 480 511 546
314 321 370 498 527 583
311 343 367 380 404 408 419 432 547
358 370 387 424 442
429 456 457 475 512 515 522 525 541 565 572
305 333 556
327 335 373 387 395 400 435 534 539 568 599
335 381 383 500 563
349 350 369 376 390 405 429 431 468 523 587 597
380 382 427 442 460 493 501 513 525 559 574
339 357 367 371 376 390 445 477 493 506 531 549 557
353 355 369 402 431 452 457 481 537 598
329 387 394 404 468 592
344 362 366 424 447 455 467 507 514 532
311 321 369 396 474 478
337 382
306 316 319 346 351 384 435 441 446 457
466 528
359 365 380 405 438 517 576 596
330 393 462 490 530 564 565
303 316 318 350 351 360 390 519 575
312 377 403 452 461 476 489 497 507 578
323 324 353 358 360 402 420 425 435 447 456 457 501 504 520 524 589


308 310 324 331 404 436 538 574
335 358 444 514 518 554 562 596
341 343 367 385
318 339 344 408 420 426 427 431 435 460 533 566 569 595
318 329 330 376 414 438 487 550 551 570 581
373 381 388 426 442 484 536
365 379 387 396 403 414 421 454 455 502 512 565
330 333 353 387 471 496 504
395 408 458 481 537 572 587
302 305 321 352 386 420 433 472 568
334 350 367 390 406 408 457 557
304 306 326 349 351 358 361 389 400 425 442 446 460 512 540 568

350 405 417 428 445 463 554 587
308 324 377 427
390 393 400 428 443 496 530 580
316 331 435 439 509 539
328 334 406 416 441 447 557 561 570 581
367 385 392
306 371 372 387 441 502 507
303 304 310 327 375 432 452 481 522 560
362 371 395

332 349 355 479 480 513
321 324 353 374 404 411 416 440
363 374 435 438 441 442 581
349 381 389 423 448 483 514 517 542 555 576
397 399 415 436 448 525
373 393 459 485 493 494 498 501 540 570
336 339 346 497
327 349 360 413 421 445 457 471 515
334 378 381 382 392 408 445 465 505 547 577
357 496 515 527 538 554
357 363 364 371 422 423 434 449 496 525 555
381 437 475 479 561 564
316 404 414 457 489
324 330 351 360 400 422 430 446 469 485 518 535 554 562 577
433 456 457 463 484 485 497 545 559 572
302 309 310 313 372 388 396 432 439 458
327 344 370 380 390 421 428 432 478 489 542

312 335 346 365 368 382 386 440 497 507
332 336 341 351 410 425 450 500 523 527 536 596
315 320 392 407 440 443 444 447 448 512 523 549 575 582
401 402 426 473 535
307 310 312 349 363 365 391 404 438 519 546 554 557
309 310 314 315 373 419 432 444 447 460 469 473 502 507 517 527
354 356 375 430 445 450 468 519
316 342 362 365 405 422 439 477 496 551
325 392
306 355 405 503 507 544
323 329 334 344 349 361 364 370 374 479 482 509 560
310 315 326 334 335 352
348 349 354 382 400 419 439 482 490 512 521 533 550 586 588 594 597
337 385 388 410 454 460 472 490 496 507

