307 310 314 315 316 321 322 325 327 337 338 341 344 355 374 378
313 332 351 355 368 390 399 406 412 431 452 461 466 557 576
302 307 312 313 316 321 325 326 331 337 338 346 351 363 365 367 373 378 383 412 418 431 433 473
303 305 311 317 327 329 333 367 372 385 412 442 462 463 559
416 568
305 306 309 314 316 317 318 325 327 328 329 332 333 334 336 338 339 342 343 346 355 370 371 372 386 390 391 407 413 417 418 429 431 432 439 464 489 500 503 516 518 522 525 527 549 553 560 580
302 306 314 321 333 340 348 355 357 359 388 390 398 408 415 422 466 475 480 481 496
303 309 321 350 351 365 394 414 449 477 517 530 539 558 596
303 304 315 319 326 328 343 355 378 394 402 458 487 495 534 543 550 562
469 527 599
303 305 311 319 337 352 357 369 409
305 308 313 314 319 342 363 364 374 379 381 385 389 400 414 463 555 576 585
303 310 316 318 331 335 421
304 310 312 323 326 335 345 354 419 477 526 596
302 308 311 314 315 321 322 334 360 374 381 387 407 454
312 345 377 456 467 491
302 307 318 327 333
357 447 480 497 552
322 332 361
305 306 308 312 315 326 327 339 347 350 358 373 379 396 433 487 529
305 306 308 310 315 316 324 325 337 342 356 364 366 368 383 388 407 408 414 415 421 433 441 442 455 465 470 487 496 511 515 532 555 562
306 307 308 309 311 319 322 325 326 335 337 340 341 403 419 426 443 477 499 504 513
302 303 304 306 307 308 311 312 316 325 328 334 358 383 397 466 546 562 565
302 307 319 328 340 353 360 367 369 396 424 448 491 497 568
305 307 312 351
305 308 315 332 333 339 348 363 364 366 391 410 417 452 520 522 564 591 595 598
302 306 307 311 315 316 317 319 329 330 337 339 400 432 438 454
303 322 336 354 376 385 492 507 538 577
305 311 324 336 343 351 396 454 463 473 491 503 528 555
303 304 305 308 310 311 319 320 321 389 394
302 305 306 309 310 335 336 338 349 353 356 380 384 404 423 429 483 546 548 586
313 335 370 372 498
327 351
302 307 308 319 320 335 451 457 492 574
303 319 353 361 373 389 409 418 421 490 509
347 349 431 508 543
302 303 307 310 313 321 325 328 329 335 365 396 417 484
305 308 310 312 313 322 323 324 325 327 331 371 375 401 406 433 438 458 464 472 473 487 520 535 549 552 559 583
302 303 304 316 335 341 352 368 383 410
358 401 420 430 432 458 459 461 463 478 487 519 525 547 570
302 305 309 310 311 312 336 337 350 361 386 388 426 435 442 451 472 534 545 549
303 304 306 332 334 343 359 360 386 411 453 477 479 527 547 590
303 304 306 309 312 313 317 362 368 382 422 444 452 532 546
302 304 306 322 329 367 380 389 416 423 435 477 478 479 540 558 585 599
311 313 316 324 338 341 441 470 500 578 581
302 303 304 310 311 313 314 321 324 326 327 329 340 346 366 370 374 380 384 421 429 457 479
302 303 307 308 310 315 316 320 323 324 339 344 372 376 377 418 470
361
312 318 319 322 325 384 396 426 452 464 476 489 497 498 507 521 572
310 319 323 334 337 350 363 365 368 410 415 416 447 541 546
302 304 305 311 317 319 321 325 338 346 347 361 363 368 371 374 380 383 391 400 406 413 418 419 446 448 467 497 499 510 522
303 304 309 312 314 316 317 319 323 331 347 355 366 420 459

309 336 343 352 394 420 436 451 513 533 558 567
310 313 317 321 330 336 351 353 360 370 379 431 436 444 460 492 512 516 559 584 590
302 308 309 316 337 347 351 352 362 368 379 399 403 412 438
302
303 308 310 317 318 344 346 361 388 425 515
302 303 305 310 313 317 318 320 324 327 331 333 334 339 344 346 359 369 381 385 387 425 485 519
303 304 306 309 310 321 327 329 335 338 340 343 345 356 360 368 375 381 384 387 395 405 435 440 443 465 534 592
302 306 309 314 315 316 317 318 319 325 340 367 377 390 391 422 469 478 482 542 543
307 310 320 349 525 530 535 573
302 303 305 310 311 319 324 325 330 331 354 363 374 398 405 417 451 457 492 545
303 304 305 319 321 346 406 428 454
303 305 314 316 321 323 325 326 328 354 355 357 365 368 383 388 401 411 470
314 333 341 346 368 430 460
303 306 307 308 309 311 313 320 326 328 337 342 347 349 353 355 373 375 381 406 411 419 436 438 457 465 504
318 327 335 358 362 383 427 434 513 528 582
332 361 404 405 414 446 490
304 306 307 308 311 312 313 315 343 373 385 396
307 309 310 311 321 327 329 333 347 354 383 410 418 422 442 453 471 487 506 569 575 584
307 309 312 313 314 316 330 332 337 346 353 354 356 359 365 385 389 398 400 417 420 437 440 455 458 464 468 470 476 498 505 508 516 525 532
306 307 311 312 315 321 326 334 342 347 349 353 360 364 396 397 444 452 468 503
304 316 318 328 329 345 364
302 304 310 329 335 339 341 346 350 353 354 360 362 366 386 388 406 425 441 451 465 491 515 526 564
312 314 357 436 449 453 499 500 514 515
332 348
302 310 322 325 327 328 334 338 343 346 351 359 382 402 457
304 310 324 329 334 336 339 390 395 456 457 458 464 473 479 485 492 500 508 509 589 592
303 315 322 323 337 354 361 389 396 398 401 423 478 512 559 563 598
302 304 305 306 307 310 311 314 315 316 318 320 321 322 323 325 328 330 332 334 337 338 340 344 356
303 308 309 310 313 314 315 317 323 324 327 328 331 348 359 364 384 399 421 473
303 305 318 323 331 335 336 340 342 346 351 358 359 363 364 381 395 396 400 409 424 461 465 597
302 307 314 316 317 319 322 324 330 333 341 348 373 378 381 386 393 395 404 409 432 448 461 483 512 522 539 567 588 591
302 303 304 308 311 316 323 327 331 352 353 364 374 378 407 429 451 461 469 488 501 504 514 524 543 558 575 596
305 306 308 329 354 438 474 476 557
305 306 307 310 317 326 327 328 331 347 382 503
304 308 325 332 340 345 356 368 380 386 414 438 440 554 570 575
302 304 305 306 338 344 350 394
307 308 318 320 335 379 389 396 409 415 439 490 529
317 334 335 366 384 409 424 426 430 435 443
303 307 324 335 350 364 375 379 410

303 307 383 393 413
345
304 306 315 331 340 353 397 438 455 483
309
381 442 499
303 304 309 310 311 313 318 319 322 323 326 329 332 333 336 338 341 375 398 427
304 305 307 308 318 329 333 351 392 408 444 466 488 491 497 552
