304 536 302 54 304 94 41 47 304 599 3 424 304 320 313 302 259 432 497 302 316 351 346 47 303 582 465 302 390 338 302 576 304 352 475 304 302 381 496 577 424 302 302 404 311 304 302 306 400 333
307 398 304 320 470 320 302 304 302 320 330 201 331 349 398 305 320 307 316 316 361 320 312 523 302 456 318 302 308 302 380 302 307 302 320 320 320 320 315 320 318 320 308 320 308 328 434 334 320 446
413 318 510 314 120 286 306 413 314 589 389 302 303 329 302 309 424 595 232 337 310 314 314 313 452 351 52 313 320 69 306 302 318 126 335 335 314 314 120 302 314 310 315 75 314 306 302 413 312 340
444 410 312 429 396 302 312 312 304 312 506 304 312 312 523 146 302 343 302 323 313 147 355 308 327 303 346 550 67 319 303 53 508 312 523 302 312 373 244 304 312 312 312 162 373 304 479 312 389 501
105 414 306 307 319 307 505 1 305 109 432 324 322 140 63 331 350 317 308 339 321 169 361 306 306 359 302 305 303 300 303 302 303 357 321 471 516 331 317 354 430 432 300 306 343 302 304 300 330 333
386 457 306 303 306 303 328 142 303 24 350 306 328 111 270 365 303 87 17 322 306 244 263 306 306 327 137 332 317 316 244 302 306 303 336 311 302 303 302 327 303 327 306 306 379 350 335 494 311 351
462 479 278 509 358 277 78 90 352 467 361 333 588 462 319 227 317 354 435 497 393 349 322 333 334 320 302 319 285 474 404 320 333 272 318 360 563 563 304 305 418 318 417 503 513 310 503 82 510 555
182 330 152 531 365 347 315 413 315 316 516 321 294 312 498 368 129 322 330 304 354 308 448 321 302 267 329 302 436 336 326 303 303 414 5 326 304 566 302 307 341 302 316 306 499 326 305 307 326 206
322 316 377 302 309 313 322 309 187 370 354 304 333 466 322 339 309 360 310 321 362 354 552 246 317 322 304 302 322 360 345 338 306 307 460 319 148 332 206 307 307 302 302 302 304 341 314 304 218 23
307 302 344 104 302 350 346 368 308 88 350 359 382 311 343 232 307 311 66 302 303 306 311 313 302 302 302 440 595 350 308 302 311 302 310 515 308 395 368 584 302 154 304 32 302 302 566 311 311 311
150 313 420 488 312 174 330 314 277 314 441 303 345 314 72 305 344 85 71 302 510 345 305 228 312 541 469 374 306 303 306 374 450 345 314 515 374 302 312 469 396 202 310 523 305 312 330 356 312 310
391 308 82 95 404 142 317 319 457 220 319 311 303 311 544 403 553 544 319 339 182 302 95 319 364 312 319 336 325 339 329 21 375 336 310 319 239 336 319 336 336 360 319 319 302 348 364 342 542 302
306 306 303 483 343 311 395 303 302 302 319 415 306 388 302 356 177 302 425 319 265 319 119 83 346 306 302 306 319 302 303 302 319 307 319 302 319 143 349 356 337 369 302 356 32 306 305 333 319 333
340 334 334 323 303 344 303 314 303 306 303 303 323 303 303 305 314 317 381 334 28 305 317 329 303 314 496 306 310 40 416 302 303 303 453 364 317 134 266 363 418 387 453 337 308 387 387 360 303 337
305 316 305 302 325 321 389 305 302 162 302 305 305 302 325 397 379 325 502 344 305 325 306 325 350 305 92 391 305 391 418 305 338 323 306 304 335 302 389 305 305 519 302 303 412 461 325 305 358 349
403 305 303 317 331 416 376 306 331 331 305 331 302 569 372 302 305 341 378 395 331 326 303 572 395 522 331 378 507 327 507 331 459 360 304 305 331 107 519 321 204 394 403 277 305 302 512 306 321 305
426 303 318 448 302 111 318 345 412 326 318 303 350 312 303 323 241 459 599 13 318 439 318 326 321 318 302 344 308 327 306 315 303 349 303 315 303 24 302 30 315 318 426 345 304 303 307 312 302 321
111 304 554 254 309 326 305 297 310 444 307 298 285 21 140 338 344 596 319 348 305 344 296 234 302 304 496 309 338 305 368 304 328 386 305 312 336 309 142 340 344 305 446 312 319 313 375 303 457 340
391 377 442 364 328 151 364 364 302 377 369 442 324 77 323 302 369 442 466 420 477 459 442 302 339 302 480 364 322 302 420 418 420 424 143 315 334 323 171 392 167 312 364 410 310 322 466 364 364 325
332 339 304 341 340 302 40 345 307 328 428 216 355 387 268 341 153 346 556 94 306 153 304 347 437 302 319 328 571 387 302 40 432 10 169 346 429 347 318 340 429 76 573 306 93 312 307 65 517 304
18 313 374 356 286 302 356 312 327 383 305 311 306 321 305 304 356 351 304 167 364 453 304 463 386 133 505 238 304 393 305 302 369 321 382 302 341 567 348 356 302 324 304 304 356 302 426 131 305 373
424 464 310 309 302 302 318 302 303 302 348 307 307 452 306 428 384 307 307 307 476 327 303 337 307 302 302 381 307 302 307 307 146 24 380 303 353 373 307 302 303 350 307 561 302 319 307 227 280 302
339 343 382 478 303 343 352 343 343 329 581 322 307 343 359 343 343 312 373 343 85 303 387 371 394 303 387 302 352 307 321 387 335 172 354 594 173 307 82 323 366 359 303 135 97 289 352 342 293 62
509 303 302 305 303 325 307 305 53 304 310 305 298 314 341 74 325 304 546 303 304 305 583 330 105 314 309 309 302 562 323 305 314 60 305 317 349 303 349 551 308 304 305 322 222 309 428 328 429 546
315 431 335 359 229 438 399 318 328 303 302 310 308 484 341 361 307 364 567 310 484 378 278 367 315 315 576 310 349 271 1 303 131 308 305 331 308 229 303 74 380 308 484 240 303 509 461 377 331 305
370 302 339 305 359 302 345 76 302 302 590 471 339 324 533 253 313 324 156 305 305 306 305 573 458 327 339 308 274 313 310 366 386 302 304 412 318 313 86 415 406 344 318 383 305 327 306 254 324 76
315 321 313 306 308 302 304 304 304 260 302 329 304 302 307 252 309 309 391 306 403 305 304 304 598 310 340 84 304 280 342 306 302 305 302 330 155 315 340 330 399 424 302 343 509 402 304 304 302 306
328 305 304 194 157 413 110 1 311 309 304 308 236 157 302 306 573 341 304 302 341 374 329 505 50 1 396 91 304 269 302 302 338 304 304 156 303 351 351 373 311 561 222 335 413 494 270 312 440 304
303 305 338 320 304 318 380 303 318 305 305 303 303 311 305 361 531 2 303 428 311 515 176 304 598 190 449 361 304 203 353 443 86 316 322 303 450 310 310 318 304 348 315 342 588 304 304 136 311 307
389 302 361 482 304 418 444 302 331 196 571 302 304 308 386 473 375 313 327 311 304 283 171 361 302 509 361 141 370 328 361 493 592 545 518 331 312 286 11 308 355 310 334 302 308 599 351 196 306 541
394 317 346 166 305 311 326 300 582 308 305 303 498 302 306 329 398 305 519 329 321 311 440 409 89 326 302 507 78 42 332 306 353 306 311 332 304 304 305 392 323 303 478 367 349 308 220 304 317 329
269 174 302 342 312 302 421 319 409 467 338 313 302 305 351 302 302 302 303 236 200 302 303 302 302 536 302 303 303 302 421 465 115 302 358 358 303 302 302 302 540 303 461 302 421 314 302 320 302 339
191 303 303 206 362 537 302 387 385 393 303 594 317 494 331 302 331 366 362 561 360 330 303 362 313 360 454 320 311 390 303 354 394 394 313 343 196 313 3 340 340 362 448 333 525 353 303 331 22 333
315 374 304 306 385 173 28 572 306 80 463 306 487 437 306 548 591 304 471 306 335 315 454 397 315 587 198 333 376 80 454 128 47 105 345 591 76 329 455 381 306 306 296 330 47 304 319 526 418 306
313 428 428 302 312 467 54 321 311 517 428 290 541 312 390 309 352 244 402 337 289 496 428 302 309 311 391 289 312 312 423 311 385 2 334 369 338 311 260 312 381 316 173 380 428 260 529 313 52 302
321 307 303 347 515 317 422 317 245 391 310 312 474 104 320 305 341 405 482 318 550 377 342 303 377 363 332 304 581 322 531 305 541 310 317 317 411 312 317 317 332 373 505 424 307 389 317 303 317 305
335 302 306 310 217 511 306 379 306 400 589 306 302 400 475 67 306 302 403 328 343 20 306 338 280 310 303 511 302 306 505 509 509 360 302 306 359 369 395 303 334 306 306 302 331 358 306 306 310 302
347 353 313 347 304 23 347 347 547 377 302 359 394 66 307 64 316 302 313 226 318 303 308 305 368 377 493 305 368 98 368 310 368 353 368 310 305 342 487 365 357 11 553 305 318 305 305 286 305 446
317 484 224 201 353 306 171 563 335 461 374 489 135 303 57 351 372 429 313 325 172 151 388 296 426 302 350 446 304 302 309 311 352 324 312 14 510 480 304 48 189 426 374 360 193 359 303 461 355 306
314 400 83 192 304 304 305 314 186 191 504 315 315 521 567 303 323 305 306 312 304 304 398 398 302 309 302 97 514 306 304 206 304 302 304 304 306 303 69 343 309 556 306 307 367 567 306 317 314 304
304 232 316 314 338 422 316 335 316 318 304 365 353 450 129 444 223 305 308 574 464 318 343 317 340 311 307 329 316 279 304 424 335 432 487 316 314 459 310 316 335 139 324 460 444 187 4 114 311 550
319 319 303 304 304 432 411 439 331 109 300 304 311 303 305 416 113 324 324 304 329 350 324 342 319 310 309 322 379 324 314 359 310 223 322 311 304 311 324 209 493 300 529 24 362 300 303 319 314 105
325 383 243 373 98 310 577 339 313 307 303 516 304 310 140 306 304 38 352 377 348 305 316 96 302 547 304 528 352 515 315 364 436 315 306 304 316 413 25 325 304 310 329 325 488 305 516 311 352 306
397 582 303 467 375 305 212 323 420 314 304 304 303 322 436 373 234 302 323 303 303 220 321 375 321 304 366 451 350 340 357 305 345 302 303 207 305 316 269 304 469 314 350 305 262 305 452 437 314 470
63 343 393 415 304 367 118 397 302 322 341 52 306 428 307 486 307 303 304 303 303 331 304 466 304 396 322 307 322 498 396 369 339 234 353 307 179 306 151 133 598 307 289 396 20 396 317 355 522 307
306 357 528 309 574 339 160 302 304 304 373 307 327 317 304 305 319 305 410 312 433 452 419 544 373 319 306 303 443 327 60 302 385 373 306 319 342 327 49 369 341 6 346 378 357 305 319 167 305 327
271 322 306 322 592 319 379 319 112 337 481 302 585 101 319 319 304 527 319 302 236 319 527 72 304 554 481 481 379 319 337 302 350 302 474 410 337 461 319 348 351 352 306 304 309 11 319 257 346 336
315 234 319 449 172 303 289 330 371 342 96 305 449 179 310 378 311 449 394 507 348 509 311 327 391 305 316 21 259 3 360 296 324 449 288 329 449 316 509 487 311 307 391 101 324 391 376 305 321 441
302 322 531 306 313 346 531 303 321 303 303 306 306 399 304 333 322 303 304 411 304 407 304 311 338 303 477 125 140 304 302 306 335 399 310 80 270 313 362 591 304 303 303 306 241 546 489 303 306 289
350 326 307 39 386 317 305 310 41 33 307 308 317 310 308 277 440 163 110 317 302 305 309 383 345 509 310 503 118 320 363 529 264 102 205 306 1 397 19 349 341 539 308 302 311 390 93 306 305 310
518 414 309 317 565 311 273 344 304 547 314 309 385 302 352 313 314 302 312 537 565 302 537 306 402 195 8 338 565 348 366 358 538 565 149 318 302 468 350 311 274 523 505 335 302 313 360 565 312 280
387 383 337 324 300 327 5 315 336 364 337 304 490 434 308 304 302 462 304 101 305 336 196 311 265 571 155 243 349 429 338 94 325 131 336 300 268 331 415 376 416 310 304 311 317 447 300 467 311 304
460 302 311 302 314 324 308 262 361 409 385 329 396 394 312 312 302 32 111 302 307 304 302 302 304 409 313 346 2 347 319 160 312 313 314 187 418 304 479 563 445 304 361 205 304 388 452 380 304 380
395 302 303 390 400 316 327 150 323 595 239 340 373 547 595 239 307 338 337 340 340 504 335 519 158 196 220 384 399 296 68 327 280 315 201 340 327 302 312 102 157 438 312 308 303 385 374 565 239 399
114 313 322 306 313 382 303 305 316 313 518 324 324 306 323 557 322 306 405 198 305 557 305 460 328 73 517 306 306 313 336 173 309 309 305 458 306 306 313 592 309 324 315 336 306 302 465 577 1 323
310 310 310 237 305 347 314 400 310 407 308 302 551 310 310 304 303 310 302 302 171 303 308 538 310 311 22 302 302 307 343 304 310 424 302 368 302 314 302 304 302 302 308 538 304 439 303 323 310 246
327 314 557 319 473 302 300 254 308 308 300 498 319 308 344 314 530 307 558 425 364 314 308 308 314 302 344 308 314 302 302 511 312 302 308 302 302 366 206 303 302 314 302 308 302 314 304 172 300 302
306 305 100 302 305 13 305 14 305 304 316 305 322 75 227 384 305 305 392 302 302 303 304 383 305 357 328 303 307 305 302 302 534 326 305 326 8 307 302 302 307 305 435 305 305 340 302 302 305 302
297 304 304 309 481 331 227 415 565 211 34 328 181 20 306 451 320 309 341 325 314 306 327 533 521 336 319 337 515 306 340 306 330 181 532 457 218 306 8 303 415 308 589 481 327 319 351 16 178 330
492 306 186 356 3 374 319 303 319 317 321 300 303 521 303 317 302 345 115 343 321 319 319 221 340 41 306 304 310 319 310 340 307 303 41 319 317 307 570 174 317 317 120 144 217 319 319 478 82 312
493 312 333 367 365 280 229 305 373 305 331 365 390 470 305 307 312 352 305 542 302 302 302 302 302 465 341 308 302 490 327 580 305 385 338 305 571 441 365 213 438 473 396 365 306 365 306 305 302 481
302 376 365 335 113 303 552 317 317 305 306 350 67 328 303 311 303 421 367 359 410 404 303 317 383 302 307 312 350 302 306 303 307 333 303 306 136 313 302 404 383 307 307 45 302 306 330 365 330 317
355 302 121 365 459 315 320 302 326 504 1 424 264 305 21 281 305 317 326 397 302 305 474 34 48 302 500 311 335 595 302 170 438 187 282 413 305 513 326 319 305 305 305 302 305 302 326 307 558 307
481 361 309 457 386 380 338 565 407 592 358 315 49 344 318 302 284 176 89 553 438 247 368 429 208 460 306 200 309 304 373 302 343 321 188 292 344 236 303 298 303 407 399 317 312 362 350 302 505 476
340 304 32 173 340 319 534 304 309 310 457 272 514 319 349 305 317 331 309 344 299 303 373 304 340 305 559 236 235 309 340 303 305 315 309 305 312 309 319 593 428 340 358 449 428 340 319 304 26 309
366 304 302 382 336 466 87 302 344 302 325 466 314 310 315 330 348 307 324 302 308 335 348 308 81 579 315 548 326 336 304 304 302 307 336 344 336 121 310 370 187 307 324 381 336 315 338 304 229 336
315 302 305 308 202 308 324 303 308 342 308 302 308 305 507 493 8 538 312 308 430 307 357 283 303 236 342 418 302 302 315 434 434 388 302 308 405 303 349 405 302 505 379 302 493 308 302 562 515 313
83 302 312 303 332 531 201 310 362 555 535 307 398 380 415 312 398 332 302 339 302 309 312 365 310 307 302 303 302 329 84 512 136 302 310 325 302 433 326 303 154 590 339 408 316 308 310 308 303 303
85 330 302 474 304 426 304 380 126 319 413 471 303 318 318 587 13 304 304 201 346 303 303 459 302 455 302 316 310 303 346 304 358 303 303 304 127 473 346 303 304 564 271 304 259 306 346 29 427 303
52 409 364 370 363 423 330 303 306 391 340 526 65 304 359 303 317 303 399 450 330 302 498 194 28 399 363 315 325 317 317 302 363 78 296 338 303 464 339 340 340 303 306 340 315 303 466 363 344 363
325 302 304 316 302 316 304 304 304 424 304 304 128 304 332 304 302 304 342 302 302 302 302 304 478 446 302 434 304 28 302 94 302 302 342 302 302 302 302 322 357 304 302 302 304 485 304 304 302 304
307 314 440 181 437 303 315 307 315 200 302 116 302 311 304 302 302 304 328 307 308 311 302 308 302 302 336 323 302 522 483 307 307 335 460 302 479 316 302 304 302 302 307 307 307 323 316 325 30 307
352 366 338 309 206 348 417 328 302 345 571 347 340 359 309 315 269 264 338 484 217 312 336 127 331 440 385 303 442 374 484 426 506 137 207 66 447 315 395 362 450 161 126 549 345 322 348 395 345 525
321 321 302 303 320 199 127 321 303 303 303 321 33 303 302 27 350 196 303 302 310 109 39 330 429 302 302 303 475 331 304 314 302 335 302 302 302 331 179 303 303 51 323 476 303 302 303 341 436 447
372 541 351 3 328 321 306 95 3 335 306 323 492 305 313 329 335 306 312 370 384 520 303 520 304 317 134 570 313 335 492 302 230 312 321 342 305 325 381 511 435 373 230 313 426 328 306 312 151 51
319 322 307 376 418 304 300 310 306 306 308 80 470 374 311 302 307 302 306 302 310 509 306 329 345 541 347 312 314 60 170 306 246 329 302 541 307 335 507 11 306 317 437 307 306 157 306 235 368 320
488 303 309 427 356 287 477 389 373 363 310 303 412 482 396 212 302 415 312 312 373 304 579 95 373 373 432 312 517 584 308 310 373 309 356 373 302 414 308 411 318 342 304 306 533 308 351 336 309 310
466 314 248 305 344 128 344 567 581 389 344 315 313 356 533 30 317 309 321 313 339 309 303 344 317 452 336 293 311 374 442 360 339 330 344 567 265 394 540 304 480 449 588 321 419 597 419 465 336 324
320 344 308 311 131 332 303 521 308 304 313 365 346 383 400 362 318 186 340 302 310 240 382 405 383 303 434 304 308 308 110 334 511 154 128 383 330 308 360 383 383 114 306 351 303 383 239 63 319 324
396 385 332 331 394 304 316 418 96 164 303 336 419 304 308 304 351 162 74 396 281 305 373 331 394 303 303 506 394 456 302 214 508 302 346 336 346 302 360 303 317 493 428 309 455 350 432 303 313 522
238 261 417 478 332 311 560 467 340 305 560 334 513 318 308 513 162 302 68 308 332 392 309 331 397 68 324 337 162 306 462 332 307 560 308 493 304 96 308 569 317 1 271 312 434 331 304 570 372 352
304 156 286 235 480 482 303 321 303 306 304 303 343 373 343 246 306 2 303 356 304 468 352 343 303 396 433 321 562 21 331 85 516 321 77 399 543 340 47 321 414 340 396 417 521 302 316 303 493 348
475 383 318 303 508 545 304 509 3 294 524 580 336 305 318 303 16 318 263 428 303 318 307 86 334 360 328 312 303 366 303 394 307 133 63 113 302 388 514 307 174 490 298 460 313 315 323 88 322 302
383 336 306 394 411 309 363 309 316 302 2 376 312 342 312 312 322 409 346 320 207 349 315 312 563 312 313 1 309 380 305 318 312 1 415 312 278 316 439 306 336 336 120 225 410 1 312 306 312 533
341 309 310 319 310 245 310 442 319 8 427 58 334 312 358 310 310 366 302 319 358 397 350 358 370 423 314 303 319 302 400 302 365 319 325 407 341 319 460 303 195 302 306 319 358 8 303 406 302 156
302 302 13 303 302 352 303 302 566 408 331 303 304 459 375 300 304 302 302 314 302 302 318 302 387 177 303 302 302 83 303 306 303 322 302 302 302 318 302 304 302 375 303 302 333 321 318 313 302 302
466 302 314 397 424 312 346 321 312 551 418 319 397 313 313 304 304 365 312 397 256 327 221 322 303 117 313 302 179 302 288 312 274 508 302 312 104 162 303 313 471 86 325 484 312 313 336 418 489 349
304 522 325 304 309 333 310 494 598 325 325 393 380 459 16 325 420 309 406 327 302 307 316 310 320 323 522 303 304 340 487 379 309 492 325 371 432 297 352 307 327 50 307 307 310 315 303 309 333 307
302 306 481 303 367 302 309 302 303 303 582 303 273 306 306 303 303 26 303 302 303 306 319 302 302 303 303 302 302 240 303 303 303 68 223 540 302 303 303 314 302 342 303 303 311 303 329 314 303 115
386 325 324 307 325 322 415 325 302 313 313 325 304 326 38 302 584 302 302 314 257 432 591 326 244 363 535 306 302 309 304 311 364 334 42 557 345 311 83 272 147 117 302 339 94 325 324 306 49 303
307 236 174 151 347 303 217 409 307 356 285 377 377 318 430 323 234 302 580 380 382 304 199 47 308 425 537 305 427 363 350 518 322 166 174 305 302 308 377 411 210 422 315 445 302 311 303 377 359 308
336 311 313 210 308 333 345 502 153 313 313 324 312 514 186 318 322 308 364 262 559 312 331 156 306 427 313 71 305 305 429 595 71 425 364 453 305 318 309 327 397 491 304 346 491 305 548 346 338 327
60 312 68 309 361 262 489 497 412 303 309 355 327 329 335 469 189 309 538 146 303 291 394 303 354 362 303 278 302 309 338 412 302 83 154 338 306 302 339 379 302 525 310 346 93 102 343 412 361 550
312 323 261 312 586 510 336 312 304 308 303 391 315 75 324 346 347 259 349 495 417 325 236 259 307 518 312 393 328 312 312 351 322 6 105 302 312 322 361 312 230 392 213 543 422 465 322 308 322 393
434 167 303 211 180 325 113 302 415 303 302 22 308 128 344 523 460 325 302 312 314 303 421 518 509 565 43 358 344 3 38 332 312 76 72 236 472 405 535 306 405 344 596 308 302 531 313 389 224 314
318 552 313 309 304 313 313 303 302 369 296 304 83 7 313 326 268 113 313 164 308 436 338 304 302 312 333 305 436 248 527 304 561 304 305 308 483 321 309 561 310 480 303 308 297 103 304 312 388 446
302 302 304 304 304 304 309 304 302 33 302 554 304 402 347 436 271 302 302 378 302 304 302 302 304 411 328 302 304 302 302 304 302 352 407 357 304 302 308 302 302 308 304 304 302 309 302 304 355 309
482 373 31 326 322 405 316 336 497 320 510 561 306 320 320 319 311 387 316 258 368 3 374 265 306 353 101 95 311 461 353 320 353 336 128 346 320 307 98 12 300 311 311 116 336 320 95 353 316 353
307 48 524 358 441 172 403 314 402 305 305 353 219 370 508 306 289 314 314 307 314 399 381 39 315 334 314 305 518 314 305 191 334 219 358 319 315 441 305 314 314 305 314 310 6 315 172 39 311 309
320 333 306 536 331 313 321 307 309 196 303 396 303 321 320 243 573 333 333 306 555 320 329 320 202 247 307 500 307 320 320 304 359 306 306 335 163 328 48 501 111 333 303 547 349 403 308 320 308 389
