25 6 23 3 1 24 18 27 23 23 30 2 20 25 3 25 25 3 31 25 27 20 19 20 5 20 37 22 11 25 31 24 12 23 15 3 23 30 12 36 24 28 36 24 25 24 24 3 25 1
32 39 7 1 28 2 39 39 35 2 22 22 30 1 39 2 27 24 22 22 39 36 7 8 1 23 1 2 1 31 22 10 39 1 23 1 23 11 33 2 30 1 29 22 29 7 39 30 39 29
24 20 10 22 27 22 20 28 35 20 24 2 22 20 27 22 20 31 14 3 20 20 22 20 20 15 20 1 27 1 13 16 20 22 3 23 14 23 35 22 10 3 20 20 15 20 30 20 30 16
22 33 24 22 2 10 3 20 26 2 33 33 12 29 24 33 33 26 2 6 8 1 12 24 6 20 22 10 16 36 25 27 33 3 1 39 33 22 24 22 24 1 1 23 20 4 30 26 35 1
23 25 22 39 28 18 34 25 29 26 4 23 25 32 22 34 26 29 39 25 26 5 34 26 34 22 26 25 18 23 13 18 23 33 4 14 36 35 29 18 22 19 29 19 25 25 25 31 34 20
32 10 18 31 24 25 30 32 25 33 25 22 22 31 26 29 32 32 25 27 25 38 38 31 22 22 22 31 29 22 31 28 29 33 33 31 18 24 22 29 22 18 22 24 19 33 25 17 31 18
11 8 12 28 27 19 8 3 22 22 8 24 31 8 31 1 20 1 25 1 35 1 12 1 25 8 25 12 8 34 1 25 24 24 24 1 24 7 13 8 7 25 8 8 24 25 1 12 25 25
16 25 25 30 18 34 22 23 1 30 27 22 22 22 30 20 23 4 12 23 25 13 22 31 22 34 15 30 1 22 11 26 27 1 22 4 22 35 22 23 13 34 23 27 22 22 23 25 31 26
23 14 27 30 36 23 23 26 6 20 11 32 22 23 1 22 32 20 26 14 23 7 14 22 32 14 16 22 14 23 23 15 22 22 23 23 32 35 34 32 17 23 6 23 30 23 22 14 23 14
26 24 24 22 25 27 26 24 24 26 24 25 23 28 27 25 26 2 26 27 4 24 24 25 24 26 24 24 8 22 22 26 1 23 28 24 27 2 27 1 27 24 1 25 26 1 32 22 1 31
32 22 15 1 29 17 35 15 32 1 25 37 23 13 36 26 16 33 10 15 39 29 3 1 31 1 33 15 32 22 34 34 22 16 36 2 15 1 23 13 17 31 36 20 38 2 36 26 22 9
24 12 24 25 26 22 1 24 22 37 17 32 24 22 22 15 22 22 22 8 24 34 29 17 22 37 24 24 22 37 37 27 26 39 24 30 24 22 16 8 22 16 33 25 3 34 22 37 24 16
25 1 16 10 22 8 18 22 3 16 22 30 1 27 22 22 1 32 1 5 22 22 38 1 38 22 1 1 5 38 1 22 1 31 2 1 16 22 22 22 33 5 1 22 22 22 22 24 38 1
8 2 7 37 20 37 30 14 37 30 20 34 6 30 20 34 1 20 30 20 6 7 12 6 37 1 15 22 37 5 20 23 30 29 5 10 23 23 20 6 37 22 23 22 20 20 37 34 20 34
22 24 24 24 24 22 22 24 24 22 34 24 24 17 34 22 25 22 22 22 22 24 24 22 22 22 23 39 22 22 22 24 24 22 22 39 22 24 24 24 24 24 22 18 24 17 22 24 38 12
22 33 35 35 22 22 35 37 35 24 24 35 30 24 22 22 35 37 22 35 22 7 30 22 22 26 4 22 35 32 22 22 35 14 35 37 22 4 22 35 23 27 34 35 22 26 35 22 28 28
33 22 19 22 18 28 22 33 22 22 28 22 25 28 7 22 6 22 22 22 33 33 22 22 10 22 33 39 28 28 5 28 33 22 33 33 33 34 10 22 22 33 33 33 22 18 16 33 7 33
1 34 24 25 24 22 18 2 1 22 26 2 26 9 28 12 34 27 26 27 26 31 2 14 33 2 5 1 26 23 27 34 24 26 26 26 22 18 12 28 27 27 28 33 16 34 2 9 28 28
39 3 28 24 19 20 39 28 19 11 23 27 34 38 30 38 25 20 29 38 5 20 26 16 10 27 34 19 1 20 11 38 32 33 22 38 19 34 2 19 38 27 12 27 22 2 20 28 25 27
22 23 23 22 23 22 23 33 22 23 23 23 22 22 23 23 23 20 15 22 37 23 10 23 22 13 25 23 33 23 22 22 22 23 23 23 22 23 20 23 23 23 22 23 22 22 36 23 23 38
27 29 24 1 36 23 12 19 11 17 24 11 37 27 19 25 33 35 24 24 26 29 24 33 27 1 26 24 23 26 24 24 16 23 26 17 27 1 26 1 17 29 3 7 26 23 38 26 37 23
22 22 23 13 34 22 6 25 34 7 23 23 8 18 33 24 14 34 38 23 14 23 23 8 34 18 23 36 24 33 4 22 18 34 36 22 11 34 24 37 37 30 23 22 36 22 7 22 22 22
20 27 25 23 28 16 23 12 28 1 23 19 22 4 22 12 10 23 23 30 23 29 30 4 23 23 23 20 12 34 12 22 22 37 24 11 1 30 22 10 37 12 1 20 20 12 37 1 12 22
22 25 22 27 1 1 1 22 1 22 27 22 24 20 10 5 6 28 1 7 22 23 34 28 1 1 1 18 22 1 27 28 22 22 10 23 25 22 24 27 1 22 1 22 9 33 23 22 22 1
1 4 31 22 24 25 33 27 25 22 22 4 34 8 25 25 22 33 1 25 22 24 22 26 25 26 9 25 22 25 25 32 25 25 32 22 6 36 16 24 36 8 25 37 5 31 23 39 22 36
37 29 20 29 33 5 35 1 27 23 25 30 10 30 10 18 27 25 39 28 39 35 28 19 27 28 24 19 12 29 24 38 16 29 27 25 26 38 36 33 12 24 15 18 28 37 35 23 28 27
23 22 23 4 23 22 8 27 22 22 20 23 29 24 22 38 23 27 29 27 23 29 7 22 5 29 27 3 8 24 5 22 4 22 29 22 23 23 23 29 23 5 6 24 4 23 23 24 24 4
22 25 3 24 24 18 24 24 3 24 22 32 24 22 24 6 28 22 22 24 33 22 35 22 22 24 38 24 27 24 31 24 32 24 22 24 24 22 6 27 24 27 38 24 7 22 25 22 16 27
25 26 18 29 33 7 7 25 35 24 24 7 5 24 29 24 33 10 7 28 7 7 9 24 37 29 22 26 33 7 24 23 22 22 33 24 20 29 39 35 27 7 20 12 22 26 7 23 25 29
25 3 22 26 22 25 24 25 22 25 25 25 25 25 22 28 25 1 22 25 25 25 22 25 22 22 25 25 4 25 22 35 22 25 22 4 22 32 25 1 22 25 25 25 22 24 25 25 22 6
27 5 37 26 5 6 32 5 35 33 32 23 26 25 27 26 28 27 32 4 27 5 5 31 37 1 3 22 26 28 28 37 25 31 23 33 28 28 26 28 20 5 26 35 30 27 10 27 20 27
20 28 19 23 9 23 24 12 17 24 34 20 28 12 23 9 28 33 28 20 24 18 39 37 25 37 20 24 20 31 24 37 28 38 28 25 24 24 17 18 25 28 28 28 2 34 25 24 23 39
26 36 1 22 5 22 5 1 22 1 37 36 22 24 22 22 22 36 1 1 5 36 32 26 6 32 32 22 1 22 22 20 38 26 1 6 32 22 37 32 1 1 32 22 1 32 5 5 1 22
35 25 22 22 9 23 19 28 37 6 37 27 30 12 30 34 3 6 1 19 30 8 32 9 25 27 3 30 27 8 12 20 12 6 27 37 8 25 26 34 17 31 12 25 12 25 9 20 12 19
28 26 26 25 26 22 26 22 26 6 27 10 25 6 28 26 7 23 26 26 25 23 26 10 25 28 23 28 26 9 28 26 9 5 13 25 25 26 25 22 20 26 25 23 26 22 22 26 23 33
25 14 28 11 22 7 14 28 28 16 13 15 25 22 14 25 25 15 29 30 28 16 37 22 14 25 14 25 15 20 25 30 17 16 29 12 22 22 14 29 26 13 22 29 2 13 16 25 25 29
27 5 36 38 27 36 31 8 24 35 24 38 26 28 32 34 39 18 17 36 35 25 18 26 36 26 28 7 39 29 8 7 27 38 25 13 26 27 35 23 27 36 38 38 24 24 27 27 39 34
32 23 20 23 23 24 23 20 22 32 20 27 13 20 20 22 23 31 23 39 32 16 22 22 23 22 22 23 23 29 29 26 29 20 26 24 23 13 23 23 27 22 23 22 23 24 25 29 23 2
23 26 12 22 26 22 26 26 22 27 7 14 26 26 24 30 25 22 26 17 38 30 30 26 28 26 30 30 22 26 19 14 19 25 26 25 22 26 35 23 23 22 20 30 30 26 28 25 26 22
22 20 22 22 23 22 22 16 34 38 38 38 28 39 22 16 39 34 38 34 26 38 38 38 38 4 24 39 22 34 34 22 5 38 38 31 34 32 34 22 38 34 24 22 38 38 38 38 28 38
37 37 20 27 27 9 9 31 31 28 25 15 25 5 28 28 9 11 28 15 25 20 33 37 34 20 38 26 31 28 15 33 9 23 23 15 27 26 33 20 16 25 24 34 24 31 15 37 37 25
39 14 33 26 31 36 31 28 1 31 2 25 11 35 8 3 29 8 1 35 16 35 5 35 31 25 7 35 31 26 39 28 35 25 28 31 29 15 33 17 39 33 31 35 2 29 4 27 28 31
17 5 5 22 27 1 26 6 9 23 30 36 23 22 22 22 25 4 36 23 23 20 23 20 26 34 22 22 11 22 12 11 23 25 19 29 36 25 23 36 22 23 20 39 22 33 36 22 22 8
22 16 17 7 32 24 35 23 22 35 7 25 22 23 8 7 35 23 35 17 9 36 23 22 11 7 23 23 23 35 24 35 23 35 35 24 25 9 25 24 18 22 22 24 23 23 24 35 25 18
12 25 5 25 37 17 10 23 28 17 36 9 22 17 34 38 34 28 9 8 27 8 34 28 26 11 23 28 28 12 22 9 16 11 25 23 23 16 30 36 34 23 22 20 7 17 33 9 22 36
20 13 38 23 28 38 28 30 17 2 25 25 24 38 2 5 24 8 27 22 24 37 9 28 30 22 28 32 6 7 20 8 24 22 32 32 27 16 22 27 27 27 38 6 24 19 5 31 20 6
34 25 33 3 25 33 25 4 23 25 25 8 24 23 22 4 24 29 25 25 29 22 24 22 39 8 22 25 22 31 26 23 22 25 29 4 24 25 29 4 29 23 35 22 24 24 24 29 33 33
22 22 22 24 24 37 22 24 22 24 39 24 24 37 38 23 22 24 24 22 22 22 24 24 38 24 24 25 22 2 32 24 28 4 22 25 24 39 37 38 39 24 38 22 24 24 24 24 24 6
31 26 26 22 3 34 22 28 26 26 26 31 24 37 35 24 26 38 37 35 22 11 18 35 6 22 33 22 26 26 25 34 22 24 28 23 17 23 26 26 28 6 22 28 26 26 34 22 33 16
29 22 20 29 35 23 32 24 36 36 20 25 29 36 22 24 29 36 25 22 24 22 17 26 24 22 24 20 20 29 29 24 24 20 24 24 24 24 33 24 20 24 29 20 29 23 24 29 22 24
29 37 7 37 37 20 7 26 24 20 9 39 20 8 27 20 37 7 23 29 20 1 20 9 8 31 23 29 29 7 8 27 36 26 27 23 36 7 9 35 28 7 8 27 5 20 23 7 34 26
22 25 1 1 22 1 39 22 35 1 30 22 22 37 13 22 1 18 1 35 1 22 1 1 1 23 25 22 1 23 26 23 38 18 22 3 23 39 1 26 25 23 1 1 23 16 1 1 38 1
10 22 30 29 26 31 30 27 26 32 18 24 23 23 7 20 32 36 29 22 30 19 27 9 30 39 24 27 25 26 2 22 20 30 26 25 9 26 33 30 1 20 26 30 26 25 27 22 5 36
25 23 11 23 25 36 22 22 24 24 25 24 25 22 1 35 25 22 26 23 36 1 6 24 9 24 23 26 26 1 30 35 36 22 5 36 25 26 23 35 19 26 35 26 34 9 1 32 23 22
23 25 22 23 22 17 22 35 24 23 22 23 22 23 23 22 23 27 22 22 22 17 22 27 23 39 23 25 20 23 33 22 23 22 2 23 22 22 13 17 1 4 24 22 27 22 22 17 24 22
28 20 6 22 20 20 22 23 34 28 20 22 22 18 20 20 20 7 20 20 28 31 16 20 20 28 22 20 20 22 23 20 23 9 25 20 23 7 20 20 26 28 20 23 38 8 26 8 20 22
26 24 38 7 1 39 37 26 32 7 26 8 12 31 23 24 35 12 12 24 32 25 7 26 32 6 6 38 26 1 7 25 7 23 23 6 26 32 22 7 24 24 31 7 8 15 20 26 32 26
26 27 23 26 36 29 19 26 28 34 24 17 24 20 5 28 28 35 19 28 33 26 29 12 36 18 24 19 26 6 32 36 6 27 3 19 22 20 23 19 23 20 26 3 23 29 3 29 38 5
22 2 23 16 1 22 1 36 23 30 24 22 2 23 23 32 24 11 23 23 22 24 25 10 23 2 23 2 22 1 25 22 23 2 37 31 5 23 25 23 25 23 25 32 22 24 32 23 2 22
6 8 30 28 8 11 22 7 6 6 1 6 11 1 29 24 6 1 30 30 8 25 22 35 6 30 7 7 10 30 24 10 31 28 6 33 35 6 30 6 27 5 22 38 8 35 8 18 6 24
34 34 34 27 22 39 32 23 24 34 18 34 23 34 22 29 22 19 22 20 23 24 20 34 22 29 34 18 5 25 20 16 23 19 19 25 25 29 23 17 24 29 34 23 23 19 22 34 17 34
26 27 27 28 23 1 2 2 38 23 34 1 26 27 27 29 1 1 34 26 22 38 26 33 30 7 38 34 27 5 27 33 6 1 16 39 1 34 38 15 34 36 3 34 26 34 26 38 34 38
23 2 1 23 8 22 20 36 9 9 23 25 26 1 8 23 8 9 20 39 23 1 28 30 23 22 23 25 9 20 9 30 28 20 39 9 39 23 23 23 22 1 23 30 23 28 9 4 22 9
17 30 23 22 22 13 32 13 38 23 23 14 30 23 32 17 23 39 30 23 23 30 23 30 30 30 17 23 23 30 23 17 23 17 14 23 30 17 30 38 30 30 30 23 22 17 29 23 23 22
16 35 25 28 9 9 37 20 28 25 12 23 35 18 25 24 12 38 3 28 23 9 2 23 20 26 9 28 25 24 29 32 24 37 23 28 23 25 25 25 25 8 26 30 28 12 24 23 27 25
25 28 26 23 33 25 25 25 22 25 25 35 22 26 24 25 25 25 26 30 33 25 25 25 25 24 20 22 24 25 5 22 25 4 30 39 39 24 25 6 24 6 23 26 25 19 22 9 23 30
26 1 24 10 23 26 24 23 24 27 26 22 1 26 24 33 23 24 11 11 22 24 24 33 24 12 22 29 24 10 27 36 24 38 1 1 26 22 22 13 27 26 23 10 26 22 16 10 26 26
39 24 1 36 22 25 5 23 39 29 29 1 23 24 8 22 22 23 22 24 23 24 39 8 22 22 29 7 10 17 31 23 1 22 23 23 22 23 22 24 22 1 1 27 29 8 1 22 22 1
22 2 23 22 22 22 22 1 22 20 1 1 1 22 22 22 22 1 22 1 22 1 22 22 1 25 22 22 22 1 1 20 22 22 35 23 1 1 1 20 22 1 22 22 22 12 32 22 22 22
25 25 25 22 25 25 25 22 8 25 28 25 25 3 22 25 25 3 5 29 2 25 9 31 25 27 22 31 22 25 7 22 25 22 28 1 31 2 27 20 31 23 22 25 26 28 31 27 25 22
29 29 39 10 32 9 8 23 9 9 29 34 11 28 27 6 17 8 13 31 13 33 37 5 27 17 18 11 29 27 29 12 23 37 23 5 8 35 15 19 8 34 35 22 9 22 29 13 31 38
23 22 30 33 22 34 22 18 33 28 31 22 22 22 33 22 33 33 33 22 22 33 33 33 33 22 22 22 22 16 22 33 33 33 33 33 11 20 22 33 33 22 33 22 20 22 26 15 33 22
31 23 23 23 11 8 22 23 33 9 22 9 31 27 23 23 31 22 23 29 31 10 10 22 31 29 39 23 31 23 22 29 29 9 1 26 22 10 31 10 31 23 38 31 33 8 31 23 23 27
28 23 23 23 23 23 35 22 28 38 20 15 23 36 26 35 23 23 2 39 20 20 26 22 22 22 19 39 22 35 13 23 23 23 22 28 29 36 18 23 15 9 3 39 22 20 23 15 28 23
1 2 39 36 10 23 39 35 36 12 22 28 1 12 14 30 12 1 24 3 30 1 1 39 22 20 1 22 22 2 34 1 7 22 6 19 26 27 26 12 30 32 12 1 1 2 22 22 35 27
6 32 1 16 1 39 12 28 12 20 39 1 29 15 28 20 18 5 30 24 29 11 18 28 35 39 17 28 29 35 24 17 28 11 1 20 24 11 7 39 39 20 20 1 34 32 17 29 34 19
1 10 1 25 11 25 1 25 11 11 24 5 25 5 32 23 22 25 30 26 24 25 10 5 5 19 8 10 25 30 30 25 25 36 5 12 22 25 11 25 25 25 33 4 18 25 38 22 30 25
24 9 30 10 36 36 25 31 9 3 4 26 33 6 25 22 36 24 3 38 36 32 25 33 9 9 25 30 26 26 30 25 24 9 23 35 30 11 24 32 35 10 16 24 24 24 9 25 8 16
5 13 19 24 37 13 13 29 30 27 23 25 14 24 23 22 30 13 30 35 24 29 26 15 30 14 29 26 24 33 25 35 33 24 35 22 7 23 23 37 27 13 24 24 22 32 30 35 30 27
24 22 24 15 22 24 34 24 23 24 27 22 22 24 24 22 27 24 22 22 24 25 22 33 24 23 22 37 22 24 24 22 22 24 31 24 24 22 16 16 24 22 22 28 22 25 24 22 16 24
29 33 32 11 24 1 24 2 23 24 25 22 31 38 24 29 22 8 29 38 15 5 1 15 29 33 22 25 24 2 38 15 34 33 8 25 31 5 16 29 33 23 27 24 8 31 8 31 37 24
33 20 3 14 20 26 16 37 12 39 29 39 1 37 26 26 36 26 1 15 20 14 16 22 30 13 26 26 24 29 29 20 1 17 19 16 15 24 27 20 29 1 25 22 15 4 13 20 32 36
36 28 34 34 34 2 14 34 35 34 15 13 2 14 23 6 15 23 23 30 13 34 27 8 8 32 32 15 25 34 2 1 3 38 34 33 25 6 32 25 34 23 4 33 32 15 13 5 25 8
20 26 5 9 39 32 17 20 23 34 23 14 26 9 14 14 24 26 32 37 26 26 9 14 20 26 20 26 26 24 34 26 24 24 20 34 23 23 37 9 26 28 23 28 20 28 19 34 39 20
37 17 39 6 28 31 28 38 37 17 9 33 8 22 23 32 10 38 17 22 1 29 4 17 23 9 37 28 31 4 23 17 23 23 8 17 28 9 11 37 4 11 17 24 5 32 31 4 25 3
5 26 23 23 25 28 24 24 23 7 22 25 5 14 24 23 14 39 26 25 27 28 26 6 28 22 22 24 4 5 2 24 24 31 31 5 31 22 4 5 23 26 31 24 24 26 22 26 1 35
23 25 26 26 27 25 11 23 13 10 24 12 16 33 22 30 27 25 25 9 25 36 17 29 11 23 24 25 30 12 25 8 17 30 25 24 36 10 25 24 8 30 11 22 30 25 3 16 31 24
23 23 25 28 12 12 22 27 12 22 9 12 23 23 12 27 23 12 1 11 28 10 23 9 13 11 28 23 12 29 28 27 12 28 23 28 23 23 22 22 12 13 13 12 26 22 12 10 22 27
34 30 24 35 10 22 6 24 23 33 23 34 32 28 25 22 22 35 24 24 22 23 27 34 24 24 24 33 12 22 24 25 7 32 32 24 24 23 32 22 10 24 24 24 11 24 22 24 8 24
22 10 9 22 31 9 33 8 10 33 36 1 11 1 1 22 27 27 36 27 11 31 10 22 22 13 3 27 11 10 22 14 27 22 31 15 31 16 15 11 31 23 22 11 39 11 27 27 22 15
34 39 12 20 16 26 17 26 26 20 30 26 32 31 28 12 19 28 27 34 12 28 20 12 27 12 33 18 35 34 1 8 5 39 5 39 28 32 26 33 16 18 39 26 39 2 20 31 38 19
30 30 3 30 24 23 23 30 30 23 30 24 24 30 30 30 22 24 30 23 25 30 22 24 24 30 30 23 22 18 32 38 24 30 32 30 22 30 30 22 30 30 30 28 24 30 30 30 32 24
37 36 19 19 39 19 20 33 19 28 10 24 19 19 20 23 22 20 37 23 19 19 36 19 20 24 23 28 39 28 28 19 33 36 19 31 20 25 39 37 10 32 29 36 20 25 20 19 19 25
25 25 25 22 25 25 24 25 38 22 37 22 25 25 28 25 38 1 25 12 22 22 25 25 25 22 25 28 22 23 15 25 15 22 24 28 22 25 22 27 22 25 29 25 25 22 27 23 25 25
4 2 34 8 18 24 35 17 28 17 35 8 22 24 20 32 28 28 6 38 24 17 35 8 39 4 34 1 38 18 35 35 28 11 35 24 35 30 16 29 28 35 28 28 26 28 8 35 35 4
31 31 25 31 8 23 7 25 23 25 25 25 22 23 23 29 1 24 22 25 13 26 25 24 24 22 1 7 1 25 8 31 1 32 24 31 23 29 29 24 31 24 22 26 1 25 31 29 31 24
27 6 33 34 7 31 6 27 31 5 4 24 27 27 22 27 7 1 25 17 15 23 1 4 4 20 4 7 29 38 3 4 4 29 27 11 25 12 23 7 30 27 27 23 27 5 32 23 23 8
27 27 1 24 10 39 24 33 27 33 38 23 23 38 23 15 34 39 11 5 1 22 18 1 26 36 5 18 23 24 39 27 26 20 11 10 22 27 23 27 5 26 11 23 22 18 30 38 33 27
22 16 4 23 24 1 23 15 3 38 36 23 12 22 1 38 22 23 3 11 1 22 23 28 24 23 22 24 24 17 23 24 1 12 28 33 23 12 22 22 22 23 38 23 15 35 11 24 38 4
17 24 22 24 24 10 27 24 28 37 23 28 28 24 8 23 30 28 22 28 37 28 23 29 6 23 25 19 23 28 24 28 22 28 28 30 23 25 23 10 29 25 24 9 30 28 23 24 28 30
