38 28 14 35 35 14 29 1 27 28 27 26 26 12 28 36 23 28 22 19 28 27 11 24 10 5 35 15 28 29 27 28 24 29 16 25 29 33 27 28 1 28 29 24 28 11 35 28 6 1
23 28 10 24 26 22 24 24 22 20 3 3 24 28 25 24 24 3 39 22 25 28 30 22 5 28 39 24 22 16 3 24 30 38 27 34 22 24 38 29 23 29 22 30 20 7 31 28 37 24
29 31 24 29 33 11 29 22 11 22 29 33 29 8 29 29 22 29 16 31 30 29 22 35 29 23 1 35 36 22 12 33 22 31 22 23 29 23 29 29 25 22 22 25 30 32 29 29 22 29
20 24 33 33 33 24 3 28 22 1 33 22 28 18 28 17 33 11 20 24 29 28 28 18 27 24 15 28 15 29 24 15 18 24 37 20 27 12 29 10 24 17 22 29 27 38 38 38 22 5
32 30 6 24 23 24 25 5 7 22 29 22 25 3 6 6 24 3 5 24 5 24 7 1 24 29 24 24 20 24 25 22 24 25 19 22 6 24 23 22 25 25 22 26 22 20 24 2 24 22
24 15 19 19 19 22 38 19 24 28 22 19 3 22 26 19 31 28 15 18 22 22 28 33 38 22 22 25 15 24 22 28 15 8 34 22 22 24 28 19 18 20 24 4 33 22 26 22 38 22
30 8 20 20 22 25 33 29 25 23 22 22 36 25 29 28 20 20 34 33 25 20 20 24 30 22 34 33 34 20 22 20 9 34 37 28 30 25 11 23 25 16 23 20 34 29 25 33 8 38
1 26 25 26 32 23 23 25 12 11 33 32 12 23 14 22 23 14 23 23 33 13 30 11 32 23 33 23 8 23 26 26 26 22 4 26 25 26 25 33 38 32 1 23 3 28 25 17 33 12
27 22 33 34 14 27 23 26 27 14 7 17 27 28 22 17 10 22 24 27 26 6 3 24 27 14 28 4 17 9 9 22 33 23 23 23 26 23 23 37 39 28 17 27 17 20 19 37 10 23
2 24 30 20 32 24 22 38 1 8 36 37 15 1 25 22 27 25 1 25 25 11 6 30 33 18 27 1 22 16 25 1 25 27 25 35 6 30 24 33 19 20 7 1 33 27 24 25 22 1
23 22 27 27 24 36 19 26 23 24 24 24 22 27 23 23 23 23 13 23 24 22 32 22 13 23 27 22 22 28 23 24 24 23 28 1 23 32 27 25 23 29 23 27 23 1 33 27 1 23
22 22 36 11 23 23 22 23 28 23 3 16 17 28 16 22 6 22 37 10 22 28 33 22 35 23 22 23 4 16 5 23 34 22 22 37 23 23 23 19 17 19 26 23 28 23 23 17 22 16
2 27 27 25 38 30 8 9 2 26 32 6 1 23 37 38 23 37 23 30 32 3 26 3 34 23 27 3 3 26 31 27 3 14 27 3 30 35 25 3 3 37 28 18 23 22 27 28 3 19
28 20 32 20 5 22 24 4 36 10 25 35 23 5 30 24 19 36 18 30 28 35 25 24 24 34 25 20 24 18 30 36 30 23 18 22 28 22 23 25 10 14 18 28 28 23 14 24 28 18
24 31 29 23 22 39 23 1 22 7 23 19 22 25 34 22 27 4 23 3 23 22 23 23 3 30 23 31 22 23 39 22 23 14 23 35 22 19 22 25 27 10 22 23 19 33 24 4 23 19
26 20 9 33 32 10 28 9 32 20 22 32 20 32 35 23 37 35 22 32 22 23 32 22 20 32 23 22 13 8 10 19 22 20 20 19 25 20 11 20 37 19 22 20 7 22 20 37 23 22
26 25 1 27 1 35 2 37 15 22 37 15 22 25 34 28 22 19 22 14 28 15 25 26 27 35 28 15 25 22 28 34 1 35 27 33 28 7 22 15 1 22 35 13 36 25 18 26 24 7
32 28 30 38 14 8 13 32 29 32 15 34 32 26 11 23 25 25 38 23 35 38 15 38 38 22 38 38 17 15 22 28 4 26 36 7 38 30 26 15 28 38 10 38 32 30 32 15 4 13
29 3 28 31 24 24 12 31 26 18 22 22 14 31 25 31 3 23 38 37 35 5 24 14 22 27 31 4 3 22 29 24 30 23 5 26 6 24 4 3 25 24 22 26 22 37 22 6 37 37
26 25 22 29 25 22 3 29 25 25 22 25 3 25 25 3 6 11 3 25 25 22 22 25 22 3 29 7 22 25 37 24 26 25 22 24 1 4 22 22 31 25 25 25 25 22 25 22 3 26
23 27 22 9 30 11 14 23 22 11 22 23 29 19 11 34 23 24 2 25 23 23 2 24 12 13 34 22 23 22 23 34 6 2 25 30 23 23 15 1 1 34 9 27 27 27 25 22 27 24
29 38 3 11 29 38 38 31 1 23 38 23 29 38 23 24 25 5 17 23 38 6 19 38 23 30 36 24 11 5 20 31 38 2 7 24 1 27 1 30 30 24 23 13 29 19 5 38 28 36
25 23 5 28 28 39 1 28 28 30 28 3 22 28 22 22 25 22 33 22 28 37 25 28 28 23 26 28 25 20 25 28 25 25 9 28 28 28 28 22 5 22 28 28 28 28 28 28 28 28
17 22 25 14 22 22 29 37 22 9 37 27 14 29 12 25 32 25 22 29 25 14 37 10 37 24 25 11 32 22 1 17 22 25 14 10 37 25 37 1 1 22 27 31 14 23 25 37 4 1
20 22 22 20 22 22 28 20 20 22 22 22 22 20 20 8 20 20 20 22 12 28 29 22 20 24 20 20 22 24 6 20 20 39 22 22 3 6 22 36 20 22 24 20 22 22 20 38 15 20
22 27 37 27 30 20 15 27 27 24 22 24 22 25 3 27 11 27 22 27 27 24 3 27 27 22 30 27 1 23 24 33 28 27 32 25 3 23 23 12 24 23 9 27 33 32 1 23 22 34
15 37 24 8 37 33 22 15 23 22 23 19 11 11 22 25 23 23 29 11 22 31 22 39 23 4 38 35 31 22 22 22 23 24 15 26 22 33 22 22 25 24 22 23 22 33 23 26 22 22
5 27 28 13 12 14 5 26 1 24 22 13 1 25 7 32 28 28 28 13 26 30 29 27 28 28 28 28 6 5 29 5 24 37 5 12 36 1 12 26 5 19 28 13 28 26 27 20 29 28
27 16 24 22 22 34 11 28 22 9 22 35 17 26 16 26 23 26 26 25 34 34 12 22 27 26 26 16 34 22 34 24 31 17 17 36 34 22 26 20 22 10 26 22 8 17 10 24 22 11
22 39 28 24 33 35 27 22 27 23 20 22 22 1 23 23 22 16 23 28 39 27 26 24 23 24 27 23 13 28 3 28 22 25 20 28 24 27 30 12 30 27 23 23 39 23 1 26 28 22
9 2 23 22 23 19 23 22 24 35 24 23 23 17 23 23 22 36 27 22 9 23 27 22 23 22 27 18 23 23 38 22 22 27 33 23 17 30 23 28 16 24 13 23 23 18 22 23 23 22
37 37 32 32 18 27 8 33 16 25 33 33 28 14 25 10 9 35 33 33 16 33 22 26 28 23 32 22 33 30 16 16 16 16 32 33 32 32 32 37 10 11 33 24 16 9 22 14 23 23
33 26 26 5 26 26 22 26 5 27 26 33 35 35 3 23 27 23 11 23 5 5 1 26 30 1 30 5 30 11 23 23 26 5 27 23 9 26 26 26 23 1 5 23 23 5 23 8 5 37
23 9 24 10 6 32 28 12 22 28 31 8 36 32 19 36 1 26 35 13 35 39 28 33 13 1 30 39 20 30 2 24 2 30 1 1 6 11 13 39 8 14 36 23 28 27 32 27 36 25
1 5 15 24 16 30 23 10 24 26 37 16 13 23 26 24 22 26 3 25 24 14 1 26 24 16 23 26 23 24 23 14 28 23 23 26 33 23 14 23 12 33 30 26 14 23 22 33 22 31
29 29 29 29 8 29 23 29 13 35 24 29 10 29 26 22 26 22 13 8 14 22 29 33 31 1 22 22 20 13 31 26 22 26 26 19 29 30 27 33 26 18 29 22 22 35 20 13 26 22
11 24 35 24 24 20 24 7 33 20 18 24 30 34 22 22 33 35 22 22 22 6 34 22 31 26 26 24 26 9 22 8 9 24 33 26 24 22 33 35 24 22 31 33 29 31 9 11 22 22
30 24 34 28 30 5 23 23 6 26 22 23 30 30 24 24 22 24 25 25 30 6 39 36 24 30 28 24 5 24 22 20 23 24 6 24 24 23 27 34 13 24 27 5 30 31 35 35 20 7
24 26 23 26 27 26 25 26 26 32 25 34 26 12 26 24 26 4 25 25 23 25 31 27 31 23 23 8 31 24 25 25 14 25 35 25 6 25 5 9 25 25 9 3 14 23 28 23 26 26
36 6 22 28 19 6 8 37 39 37 11 19 24 36 23 24 23 17 37 23 2 22 32 6 13 22 24 20 24 22 23 23 23 37 23 23 22 25 23 29 22 23 36 32 23 37 25 11 25 22
9 22 3 6 25 15 23 31 27 23 22 34 22 24 27 5 11 23 24 15 8 23 22 22 22 23 22 23 23 15 22 28 6 7 37 38 15 27 10 22 10 26 23 33 34 30 23 8 27 6
16 28 28 24 1 25 25 1 26 3 2 22 28 3 25 26 31 1 22 25 5 5 26 6 39 24 31 26 24 1 22 24 22 2 22 30 36 7 2 5 35 23 37 28 28 1 29 25 28 26
24 19 1 27 25 1 1 1 1 31 1 19 1 25 1 20 4 23 23 16 23 26 24 27 18 2 15 38 20 18 25 27 18 23 18 23 25 25 23 34 23 1 1 23 25 26 26 29 2 25
22 4 35 28 24 31 24 24 28 24 15 38 24 22 4 34 39 22 26 31 28 24 22 22 36 24 13 24 24 26 31 22 24 10 24 24 22 28 23 29 24 31 24 13 24 4 28 26 36 22
28 22 8 33 27 7 1 9 25 8 39 7 5 9 27 9 29 25 24 27 31 23 3 27 22 39 30 7 18 7 28 31 11 1 9 25 7 27 14 32 27 23 5 33 8 28 23 27 27 22
27 26 37 31 16 37 20 37 26 37 31 24 31 31 31 8 37 8 37 32 37 23 35 20 16 7 26 32 34 31 28 37 39 18 31 26 26 26 7 17 7 20 27 8 26 37 30 37 23 24
3 6 27 33 24 22 8 27 27 33 22 27 22 25 29 37 33 33 27 6 22 6 31 27 11 27 33 26 29 33 27 33 27 22 28 26 28 33 22 22 6 27 34 27 20 35 7 12 29 22
27 19 24 23 34 27 20 23 24 19 26 22 34 22 24 26 24 23 6 22 24 18 24 24 33 24 24 24 34 32 24 26 4 23 22 33 34 24 25 14 34 24 24 24 24 22 34 33 12 24
2 1 27 25 27 19 25 29 27 36 36 25 36 27 25 36 25 27 36 36 23 9 9 25 32 22 27 36 9 25 26 36 23 33 23 9 33 36 38 36 26 9 1 1 36 9 36 22 36 33
34 10 24 37 25 23 25 31 20 25 24 27 14 31 38 36 25 30 22 34 34 25 10 30 11 22 35 30 30 31 22 32 30 30 32 23 27 24 39 33 39 17 30 27 22 4 24 11 7 25
27 6 23 6 23 22 27 22 6 6 23 35 30 25 20 4 7 35 27 34 5 23 1 5 5 33 25 27 5 25 23 22 5 5 6 39 23 22 27 27 27 27 8 1 25 26 5 22 22 27
26 22 27 22 27 27 35 4 22 27 28 27 11 22 25 27 31 27 17 25 27 22 38 6 22 38 22 38 27 22 15 31 22 27 27 38 8 22 22 27 37 27 22 27 31 22 22 27 26 27
27 27 6 22 10 31 27 2 23 22 34 22 37 6 20 34 24 6 23 10 1 13 6 23 35 27 36 6 27 20 6 20 23 23 25 10 28 24 34 23 30 22 23 31 5 23 25 28 23 24
27 27 35 35 27 27 27 32 27 22 22 33 14 22 35 22 24 27 39 22 22 4 35 27 33 30 22 27 32 27 27 22 35 22 35 22 22 14 27 36 22 20 16 22 22 24 27 22 22 38
26 20 33 27 39 30 10 23 23 13 30 26 22 30 30 33 34 36 30 26 14 26 36 32 22 30 26 23 26 28 35 36 23 23 13 36 23 32 25 30 36 4 10 33 32 30 36 30 32 23
29 22 23 10 30 30 22 13 1 1 30 22 26 23 23 6 6 35 7 30 6 37 6 23 30 22 6 23 13 25 6 13 23 32 6 30 23 23 2 29 6 23 19 23 23 22 37 32 6 38
22 38 31 23 23 33 23 23 23 31 31 31 33 33 23 31 18 23 16 6 33 31 22 22 18 33 5 33 4 31 22 22 23 23 35 33 33 5 23 23 23 22 23 20 22 33 23 33 23 3
1 1 10 22 1 22 36 1 10 22 33 23 10 26 22 26 20 1 1 15 28 36 23 23 10 14 28 23 33 23 1 36 1 22 23 23 23 39 23 20 23 23 26 1 23 23 23 28 28 1
24 12 29 22 9 1 25 22 22 29 22 5 24 29 29 25 22 23 18 26 38 38 23 16 12 23 26 23 24 25 26 31 38 1 38 23 13 29 26 36 33 22 36 22 6 22 23 38 22 5
6 9 2 6 16 28 14 29 6 26 22 26 25 2 23 39 31 6 6 2 34 6 6 29 36 26 31 25 3 23 3 26 25 23 32 7 39 24 38 31 26 23 6 1 25 25 38 2 6 26
22 22 20 20 24 36 6 25 22 22 7 20 20 10 17 31 19 31 24 22 20 22 6 22 29 31 4 22 19 33 20 3 3 31 4 29 31 9 30 20 36 13 25 5 30 25 20 5 6 37
23 5 23 23 35 22 18 14 35 22 18 12 22 18 23 22 5 18 27 22 4 23 23 35 23 1 23 23 22 18 24 23 3 22 14 27 23 31 33 18 18 20 1 22 16 14 18 18 18 33
2 17 24 9 23 8 1 12 1 25 17 25 9 24 1 23 18 24 24 24 25 18 13 24 1 10 23 1 10 22 32 32 10 22 24 32 24 1 24 22 24 1 33 33 25 32 24 24 32 33
22 12 22 23 23 1 1 23 5 30 9 25 30 1 32 29 25 1 4 29 1 34 29 30 16 22 18 22 30 14 26 17 1 17 22 29 10 2 23 1 28 25 33 22 23 29 24 1 34 1
13 18 22 25 25 37 19 13 37 33 25 24 23 13 1 22 33 37 28 14 22 22 35 13 25 23 25 24 36 36 25 23 15 10 10 22 25 38 22 8 15 14 16 13 33 25 16 36 24 13
25 29 23 11 30 11 24 30 20 10 27 1 23 29 38 35 29 29 1 22 23 33 23 24 35 24 24 29 10 25 5 24 29 23 1 33 10 11 11 33 1 1 23 1 11 4 33 1 1 23
22 32 22 26 32 32 32 22 36 23 32 32 20 19 20 22 32 32 23 22 32 31 22 32 20 22 32 22 22 23 22 5 32 32 32 32 32 20 30 22 22 22 37 22 32 22 22 23 19 32
23 23 23 22 24 31 23 38 30 22 23 10 25 22 30 18 24 31 23 1 30 22 22 28 23 23 23 30 22 23 23 23 23 22 23 22 22 35 31 22 23 26 38 23 23 22 24 23 32 22
36 29 30 25 31 23 20 20 4 24 36 24 36 29 4 24 30 35 32 9 19 24 24 24 23 4 36 23 20 29 30 23 32 4 23 23 24 27 24 36 30 23 24 25 4 36 20 30 24 24
39 22 37 39 26 22 22 19 25 8 16 13 25 11 15 7 22 22 19 27 20 22 20 13 25 13 13 28 25 25 22 25 22 38 22 37 26 12 25 26 39 25 25 20 12 14 25 26 24 20
26 37 23 24 37 11 37 10 23 11 25 25 25 23 20 25 25 25 30 11 25 24 10 23 37 25 25 10 29 23 11 11 26 25 25 26 25 24 37 25 24 24 12 11 23 25 10 25 23 23
23 23 27 1 31 22 23 22 31 1 22 27 25 1 19 22 28 22 23 23 22 23 15 23 22 34 1 26 4 22 22 23 23 23 27 28 22 1 22 23 22 27 27 23 23 32 1 27 1 31
23 30 16 22 30 39 23 23 34 22 34 22 22 1 23 9 9 14 30 22 23 22 25 31 22 22 25 9 22 22 30 35 36 23 25 23 22 18 23 26 23 23 22 1 24 19 22 23 30 10
33 11 8 6 13 5 8 12 5 29 4 1 6 1 20 23 31 5 26 2 1 1 20 27 3 1 31 1 2 26 1 14 9 3 20 30 1 20 6 35 5 1 20 6 9 7 1 1 35 3
22 20 24 11 22 2 24 8 4 7 11 22 24 32 34 22 16 33 20 20 8 22 29 22 24 10 39 32 22 33 29 22 24 33 24 14 11 8 23 11 20 24 15 11 24 12 24 22 24 12
9 36 28 26 25 19 26 31 13 28 17 19 28 38 35 38 38 36 22 29 23 19 31 25 2 35 26 24 33 26 33 5 38 30 31 35 25 31 18 30 38 31 36 24 32 26 24 28 20 12
31 31 22 14 22 19 6 11 14 24 37 4 31 7 31 6 5 31 2 30 14 30 6 7 6 22 14 8 36 6 11 13 11 33 37 18 28 36 11 3 22 33 8 31 14 5 37 11 33 5
3 31 26 23 38 22 23 10 32 27 9 25 31 32 38 27 31 27 27 31 31 31 26 27 27 2 26 31 27 24 36 27 26 3 22 9 31 22 22 9 31 31 25 3 31 31 31 27 23 16
22 28 22 22 22 33 26 22 22 32 24 33 33 16 22 33 33 22 22 33 12 22 22 33 35 24 4 39 22 33 22 36 33 22 22 23 8 22 35 22 24 33 33 33 33 33 22 33 15 22
22 15 22 33 34 22 23 22 6 22 23 22 22 23 23 22 18 22 20 30 24 12 3 22 24 23 23 22 22 39 23 12 22 22 23 25 3 23 12 22 23 38 22 4 22 22 1 22 23 23
30 26 26 10 24 26 9 25 24 14 25 33 24 34 23 27 36 20 28 26 26 17 23 23 38 20 25 18 22 25 20 23 23 23 20 25 20 27 30 22 30 27 24 34 20 35 26 25 34 10
7 27 8 22 1 31 25 34 27 33 31 14 22 8 9 5 22 30 27 27 22 31 23 27 22 38 22 22 27 13 9 36 30 27 27 27 13 22 8 27 22 26 22 27 22 30 28 4 29 26
15 19 11 15 24 31 27 30 19 24 39 6 22 15 24 33 29 10 33 3 24 30 23 30 39 30 12 10 27 3 3 3 34 26 26 7 15 39 23 39 30 8 24 23 24 23 15 15 5 15
13 30 22 36 30 25 8 22 39 24 30 35 31 30 33 25 25 35 35 35 35 24 22 30 18 30 20 14 30 8 31 30 35 4 25 24 8 22 30 25 22 19 30 29 36 30 22 35 30 11
20 25 27 1 17 18 9 9 26 26 9 26 22 20 28 15 30 20 22 20 20 1 20 25 20 25 26 10 25 27 24 25 16 28 26 25 25 25 24 25 25 28 18 24 34 36 9 22 20 34
22 25 23 4 22 18 22 25 22 22 23 35 35 32 22 18 23 28 25 23 25 23 35 8 32 22 22 23 28 34 22 29 7 33 17 38 4 23 22 25 23 6 25 23 20 28 23 7 23 23
19 22 22 20 38 22 26 24 24 26 22 38 11 17 23 20 22 19 37 37 20 22 5 22 26 23 26 39 27 11 23 22 26 24 18 24 26 22 22 24 26 23 1 22 26 22 12 25 24 20
34 35 24 24 26 24 24 12 28 29 23 23 30 22 24 28 25 25 22 18 34 24 15 19 34 26 24 26 19 35 31 28 22 28 20 30 16 20 19 26 34 37 30 26 24 34 26 31 34 22
24 22 24 24 23 24 24 24 39 2 24 32 22 32 24 17 24 22 24 20 22 36 4 24 24 24 26 24 24 39 22 22 23 29 23 24 23 39 1 22 24 20 39 23 23 23 20 23 20 24
32 24 22 1 24 22 20 24 22 24 13 26 22 1 1 24 24 5 22 22 24 30 32 26 26 29 37 38 1 1 24 24 20 24 24 24 22 38 26 1 24 38 22 24 32 13 22 22 5 28
32 23 23 26 29 23 11 30 23 23 2 29 29 30 32 23 30 30 26 30 27 25 32 29 20 29 23 22 22 23 29 30 30 29 24 30 30 23 22 29 27 8 39 29 39 30 23 30 17 30
11 24 24 9 24 8 26 22 24 24 24 25 22 22 26 15 15 27 13 22 14 36 11 9 25 23 22 36 24 29 24 24 24 26 26 39 33 22 22 13 32 24 3 22 7 19 29 7 8 9
22 30 22 30 7 27 24 22 23 25 35 22 29 29 28 29 6 29 23 28 29 29 24 22 22 28 24 29 22 24 38 22 24 11 25 24 29 29 24 24 29 11 22 24 25 25 22 29 22 22
17 22 23 39 36 7 36 22 37 10 18 16 30 23 12 7 17 36 22 23 7 23 22 11 11 16 36 30 13 22 11 8 3 23 11 27 16 13 8 4 22 7 23 11 20 6 16 36 16 8
19 38 22 27 19 1 36 27 22 22 22 1 22 19 1 8 1 8 29 22 22 34 1 9 1 1 1 1 20 8 22 25 1 11 19 35 37 1 22 22 31 22 22 9 1 22 22 8 22 10
5 38 7 29 4 28 8 28 32 28 36 23 28 28 36 28 28 29 22 28 39 28 26 28 26 28 28 6 28 38 22 28 22 22 22 26 22 22 4 1 1 28 26 32 22 28 24 28 36 22
25 32 16 11 31 27 35 10 25 26 1 35 31 32 11 1 28 25 27 32 35 31 38 32 29 27 32 35 25 16 28 1 24 36 26 32 31 28 32 24 35 1 35 3 28 12 11 25 27 33
22 34 5 26 12 22 22 39 22 25 22 15 22 26 22 16 28 33 4 15 22 22 26 22 37 5 22 27 35 26 26 26 34 39 32 38 22 37 39 26 2 37 22 2 2 22 26 3 26 1
20 25 26 23 24 23 36 23 22 2 22 20 24 33 20 19 26 26 20 23 26 24 24 26 22 25 1 23 26 16 32 24 23 23 22 23 1 24 24 26 26 1 26 27 23 24 23 34 25 23
25 6 33 25 23 6 6 26 26 23 25 27 25 6 23 23 30 30 25 23 26 30 27 25 23 23 23 25 6 4 26 25 26 25 26 23 23 25 26 26 30 27 39 30 23 26 23 5 27 26
