42 53 68 55 53 14 71 20 52 81 85 55 14 58 14 2 70 58 19 88 52 85 83 70 97 52 78 84 11 75 20 14 85 85 81 98 53 98 14 20 83 20 53 70 78 98 66 53 86 52
45 38 58 7 93 25 52 58 72 53 58 91 53 76 59 58 52 52 65 59 17 93 32 52 65 7 56 59 53 53 1 58 53 10 58 74 35 53 59 52 52 59 52 59 50 58 52 58 59 82
56 56 6 52 71 54 56 46 52 52 56 68 26 52 56 56 71 62 71 71 52 56 46 78 56 56 52 46 46 10 56 52 16 45 54 38 52 46 69 48 54 56 46 54 59 46 56 54 46 71
58 61 68 63 54 54 63 54 91 58 78 63 59 54 20 53 54 52 52 71 17 68 54 52 54 54 54 52 86 18 58 17 27 68 35 20 52 89 54 59 57 20 20 54 20 75 71 58 77 78
58 59 58 53 13 71 52 59 52 87 65 42 52 42 98 59 70 50 59 52 58 50 52 59 65 53 58 52 81 22 62 50 50 58 82 58 58 14 58 53 71 52 52 52 52 58 52 58 70 10
53 90 4 21 86 71 66 21 57 68 45 88 57 15 21 53 52 52 33 53 57 69 57 54 12 69 52 53 53 82 53 53 54 21 53 52 21 54 57 57 21 53 62 53 53 62 57 52 53 54
54 6 8 54 64 75 57 57 71 61 63 64 8 54 52 54 16 24 54 43 61 71 10 64 54 99 71 9 82 64 33 69 64 71 71 99 15 54 31 16 84 21 27 71 64 71 53 21 71 20
52 67 55 16 22 53 72 72 42 52 71 52 42 57 72 72 52 41 42 52 53 60 52 52 52 65 11 53 72 71 47 2 52 52 67 42 72 66 52 12 72 72 52 53 72 52 96 60 58 53
60 12 80 77 52 1 69 69 26 52 69 52 56 52 69 64 66 60 74 76 79 63 66 63 76 92 59 52 92 79 69 73 52 57 55 70 72 77 69 55 38 52 66 79 53 52 33 76 47 97
87 61 52 52 3 69 52 7 68 56 28 28 52 29 2 53 53 59 56 52 52 87 55 28 53 74 79 7 91 52 69 28 57 86 30 53 67 52 53 20 67 57 72 52 90 56 53 87 54 72
52 54 50 54 52 52 52 54 52 83 56 54 60 52 59 50 54 59 54 52 52 65 54 54 32 68 54 50 54 52 52 36 58 60 52 54 59 54 50 52 58 52 52 53 50 91 75 54 52 52
65 56 57 72 90 67 56 57 75 56 57 53 57 80 89 58 57 57 53 95 21 66 38 56 14 57 53 4 53 53 53 57 52 55 75 56 52 74 52 56 57 52 55 64 1 57 12 59 56 56
73 17 78 74 95 37 35 58 35 35 59 22 35 79 95 73 65 55 29 81 73 59 52 1 28 30 73 76 35 55 55 67 43 55 33 77 55 95 23 95 58 52 59 26 95 73 35 55 50 33
52 12 56 57 58 55 52 32 79 95 95 52 55 74 55 36 59 52 53 57 55 52 9 65 25 57 55 40 55 52 52 79 55 92 52 74 55 55 45 84 42 58 52 55 57 95 17 32 7 35
52 27 52 54 52 54 54 54 82 52 62 54 54 54 62 52 52 66 54 54 78 52 54 52 52 52 81 54 27 48 54 52 52 38 82 52 65 56 54 52 67 82 54 38 67 58 52 52 52 54
54 58 57 57 52 44 54 54 54 54 54 54 18 54 70 11 54 58 72 52 55 32 52 57 58 54 84 54 32 11 63 39 52 52 95 52 60 52 75 71 62 52 95 58 54 54 52 52 54 52
56 52 60 55 55 16 86 53 53 5 68 7 53 68 55 53 77 53 52 84 60 52 63 79 55 55 53 8 59 92 55 61 9 92 52 52 53 52 52 83 80 77 26 53 56 33 60 53 64 53
23 66 94 70 60 56 2 56 83 68 53 56 40 76 6 81 62 38 39 57 59 53 81 53 72 66 53 54 50 52 89 39 54 55 52 81 56 34 85 85 62 30 81 46 66 94 84 80 59 98
55 75 75 13 75 18 55 63 53 53 19 55 53 61 63 63 75 54 19 78 83 67 55 1 1 75 56 60 55 18 55 75 55 1 52 52 55 63 75 63 75 63 17 18 55 81 60 75 75 54
16 53 9 54 30 60 78 25 29 78 76 18 52 52 7 77 3 53 29 68 18 56 53 65 52 65 56 59 7 20 56 53 57 36 7 67 53 56 78 53 57 78 59 29 65 80 59 57 65 63
56 52 71 56 48 88 93 52 52 52 54 75 55 86 54 54 70 62 54 30 52 54 36 84 52 30 52 50 16 71 52 52 30 65 90 54 52 52 54 54 2 15 56 54 55 78 30 52 54 56
61 47 58 66 54 54 54 81 54 54 30 61 56 61 57 87 54 30 81 94 55 47 44 88 53 57 1 7 16 52 82 54 71 61 61 53 47 54 18 7 54 57 26 38 58 44 7 82 82 82
60 71 52 77 4 31 64 8 26 9 45 62 25 68 77 31 68 8 52 68 52 52 52 52 77 77 77 77 52 71 57 33 52 42 52 68 59 60 63 54 57 60 77 10 77 33 77 77 53 1
59 21 63 52 23 78 74 76 19 83 5 52 52 53 80 65 58 63 76 53 19 52 96 78 57 53 52 55 56 78 52 53 19 53 68 75 58 78 58 74 47 43 76 68 53 55 19 53 96 80
86 66 52 53 42 53 13 47 86 73 60 53 11 43 58 85 52 52 24 95 94 57 58 60 85 61 60 76 55 58 58 61 11 58 99 58 66 66 52 66 52 58 52 58 52 58 66 42 41 36
52 52 58 58 52 50 58 39 52 39 58 58 58 59 53 58 40 53 77 58 52 53 76 52 52 58 73 39 59 61 53 58 52 52 14 52 52 73 59 52 52 52 58 53 76 69 5 50 61 52
6 50 52 57 57 57 52 57 57 52 57 57 57 52 52 57 57 57 52 57 57 56 52 52 57 73 52 52 57 52 54 57 59 73 57 52 57 78 57 57 57 87 55 52 52 52 52 52 57 52
41 89 66 21 16 55 8 58 54 66 66 52 62 52 61 62 74 52 81 79 52 54 93 3 64 1 52 4 2 64 54 95 63 89 85 79 66 8 21 52 74 62 77 54 58 8 66 2 65 54
69 60 8 55 74 8 56 8 86 52 1 69 67 28 74 98 8 61 85 19 1 69 98 43 58 85 40 74 77 6 81 55 92 55 85 74 56 1 56 33 93 58 13 53 74 67 88 61 27 54
52 59 82 74 16 52 62 59 60 59 4 59 62 52 59 53 52 52 85 70 59 55 62 59 52 52 59 55 3 59 96 3 16 12 53 65 52 52 52 18 59 82 59 59 59 30 59 4 55 55
77 53 90 57 10 40 88 53 65 53 44 95 45 82 1 45 95 85 45 52 53 62 53 3 90 52 73 95 37 11 61 55 59 62 66 59 1 63 60 60 45 67 44 98 54 44 53 56 67 55
52 75 54 52 86 52 70 74 54 60 52 52 56 52 91 74 52 90 67 70 52 52 54 74 60 56 40 52 37 74 6 74 60 41 53 62 54 93 53 56 53 60 39 74 69 56 90 62 37 23
63 55 57 55 55 97 56 52 58 34 63 55 29 33 70 57 31 91 56 95 52 55 52 70 64 57 52 55 50 58 97 39 52 52 33 57 52 52 55 34 56 97 57 58 52 52 74 64 57 5
65 3 65 53 2 64 53 53 96 39 67 54 77 77 67 96 94 48 58 72 80 54 58 65 50 49 58 27 79 45 94 55 65 85 63 52 52 58 96 58 95 54 27 65 67 54 19 45 54 55
64 10 52 54 64 64 79 64 64 52 14 56 53 54 64 50 73 50 54 60 49 24 15 86 53 59 84 64 90 79 90 16 49 56 96 60 55 52 64 39 53 50 52 82 23 87 13 50 54 52
97 59 78 57 54 78 92 53 73 24 24 57 73 59 59 57 8 33 21 57 57 67 55 12 97 24 59 24 57 24 53 47 47 88 63 53 55 55 55 59 59 55 54 57 48 47 64 59 94 57
52 69 15 68 16 46 59 74 56 57 66 66 50 59 68 1 11 68 11 11 23 61 68 53 68 68 57 73 68 69 59 72 53 30 53 53 59 72 57 37 68 59 56 66 56 22 65 69 56 52
21 67 65 52 66 52 66 66 65 66 50 52 59 53 92 52 53 65 66 77 65 90 78 33 61 52 66 7 63 66 13 65 63 66 66 66 57 57 52 52 69 8 52 8 69 20 67 76 66 26
56 87 62 55 85 70 93 57 87 55 57 79 90 53 54 57 82 65 60 64 98 55 87 49 55 55 77 53 54 15 40 67 75 56 55 56 60 60 16 67 88 54 25 40 77 52 65 46 22 34
59 35 31 68 52 56 91 53 5 55 56 66 53 82 23 53 64 57 27 64 53 27 66 23 64 65 5 44 52 55 66 82 91 73 53 66 91 91 61 30 29 57 52 66 75 88 53 66 91 90
69 81 12 62 11 89 61 73 90 1 53 61 59 61 59 26 75 76 61 61 25 1 65 81 55 61 89 61 54 52 53 26 52 69 27 73 77 72 84 71 68 75 82 63 54 65 68 64 59 92
72 28 34 67 74 55 28 28 45 99 70 31 53 80 55 57 53 87 75 62 62 62 55 55 62 59 55 28 57 62 62 87 55 67 27 80 78 30 62 55 76 55 62 62 55 55 66 67 62 61
43 97 58 69 2 54 30 57 87 62 62 58 65 27 58 92 73 92 62 61 15 59 62 62 54 65 57 58 57 57 54 54 69 54 54 61 52 62 79 31 65 29 47 73 10 1 17 58 1 35
56 64 71 55 55 52 14 52 96 55 15 64 11 80 40 2 64 45 63 67 66 31 64 52 67 17 78 38 76 89 75 15 54 92 52 15 54 90 52 55 55 64 92 55 91 55 55 80 52 60
66 80 66 53 97 3 66 93 67 70 58 39 54 76 52 78 70 66 54 76 66 56 66 98 66 34 54 54 66 34 57 57 43 58 57 22 68 95 34 54 88 93 53 95 53 78 57 72 90 66
66 52 52 52 57 40 64 66 70 53 64 64 60 71 41 64 64 64 57 93 52 52 64 64 64 52 52 49 52 64 66 57 66 64 64 52 49 52 64 70 64 64 53 52 44 60 57 52 52 57
54 54 52 56 77 88 56 90 27 56 56 56 53 48 67 16 52 67 56 56 76 32 7 56 57 90 90 56 33 57 88 54 90 52 77 53 31 53 57 54 62 54 87 32 74 90 93 54 52 16
11 56 56 56 52 53 56 71 56 12 34 50 50 34 59 52 97 42 86 89 53 56 77 52 34 77 56 1 56 57 42 56 52 56 53 37 57 52 53 76 60 53 53 57 72 43 64 42 56 18
67 46 10 53 58 52 57 70 92 70 25 70 92 92 89 52 56 46 60 52 80 59 53 53 54 70 89 92 57 92 70 56 62 26 56 56 70 22 70 90 55 53 46 56 96 56 57 56 54 62
68 61 57 61 21 29 81 53 59 57 41 68 57 57 27 13 53 57 8 57 78 3 57 56 53 54 68 68 58 60 53 59 54 53 57 69 68 68 17 61 42 81 68 78 89 58 62 20 58 73
54 66 54 92 63 75 15 54 38 55 46 59 52 61 27 82 55 60 74 57 75 52 30 48 54 61 30 27 60 60 63 27 64 54 66 54 55 52 60 19 92 63 92 18 67 54 52 54 52 26
54 52 61 61 52 34 13 77 61 61 52 52 61 61 61 54 53 52 61 54 71 84 52 53 54 54 54 86 34 61 23 52 61 30 65 54 42 12 3 79 68 71 52 52 52 52 52 84 54 92
8 77 56 54 61 77 54 61 52 54 61 14 61 77 73 54 56 75 86 56 62 54 77 77 56 92 8 13 98 83 83 75 8 62 17 11 62 61 53 61 11 53 54 57 60 53 54 54 54 90
37 61 54 59 2 52 91 54 68 52 64 54 54 36 87 66 47 64 54 77 65 79 50 60 54 54 52 50 61 43 52 18 54 64 93 47 47 52 68 1 54 70 59 2 68 50 52 54 93 37
52 63 52 52 59 81 54 24 55 56 54 52 54 93 55 54 59 28 80 52 69 54 52 54 52 52 52 1 52 54 73 52 52 60 42 52 54 54 55 60 54 52 59 52 52 2 54 54 52 54
54 54 59 56 77 52 66 59 59 56 52 61 52 59 80 59 52 59 59 59 59 35 66 52 81 59 94 56 60 54 59 57 58 59 54 67 52 52 59 59 66 59 59 52 59 24 52 52 59 13
55 69 60 11 90 53 52 70 55 45 53 22 5 59 9 59 90 72 22 52 55 47 5 2 76 90 5 55 60 12 5 64 14 76 22 67 52 98 3 60 55 59 59 79 85 60 90 52 22 13
61 52 77 56 52 56 4 56 66 52 60 4 56 9 56 20 56 66 28 56 62 52 56 56 56 56 52 56 52 9 56 56 56 56 72 40 56 52 56 61 52 56 54 94 52 62 56 56 56 54
61 52 61 5 61 61 61 52 52 52 52 52 52 52 52 3 61 69 61 61 61 61 52 52 61 3 52 65 52 4 52 52 52 61 52 1 61 4 52 52 61 2 52 52 52 52 52 29 52 52
55 73 36 13 55 73 96 73 73 58 9 46 58 62 54 73 73 69 10 55 73 37 3 89 83 9 3 73 3 82 73 65 10 52 32 67 10 54 84 1 62 55 3 64 53 73 11 65 49 17
50 80 24 29 86 15 50 43 73 49 20 73 43 73 9 62 55 56 56 62 72 56 50 15 73 56 58 52 58 58 60 50 58 60 62 58 73 71 49 58 76 56 66 15 76 56 56 26 94 15
52 52 5 52 53 53 53 25 53 56 40 53 52 56 72 84 62 36 69 70 56 56 74 56 56 53 66 52 50 84 55 53 56 53 52 34 48 54 53 5 53 52 53 40 56 81 67 62 53 52
81 68 40 68 62 68 79 68 43 61 61 68 72 56 81 17 68 68 16 54 81 63 54 95 55 70 75 61 5 59 90 87 11 10 55 68 56 52 81 13 66 68 68 97 68 68 95 68 29 68
15 62 6 56 53 68 97 89 55 54 88 70 54 68 63 53 55 90 53 52 55 54 42 33 15 55 80 68 84 52 64 52 73 64 52 52 77 52 20 58 52 80 52 53 52 71 94 78 73 84
24 40 64 52 16 58 54 61 15 1 76 61 54 64 59 58 59 54 41 61 58 62 61 82 82 55 61 73 24 58 56 59 41 54 40 52 90 59 62 59 62 53 62 59 54 62 52 64 11 88
52 79 26 64 64 44 59 54 2 53 49 74 70 4 65 64 74 96 21 45 56 43 52 53 53 57 30 80 26 54 52 3 65 62 50 64 86 88 52 86 47 9 52 54 56 54 59 88 74 54
79 25 84 61 54 65 84 25 53 30 52 53 61 22 57 61 52 72 72 88 25 69 61 18 72 53 17 61 65 59 72 65 56 38 12 57 65 66 24 3 64 6 62 12 25 30 55 56 64 42
18 31 32 83 52 66 55 14 54 55 11 83 43 29 54 43 52 52 98 63 52 89 63 53 63 63 52 57 63 63 18 63 63 72 52 55 18 55 55 25 52 61 63 63 63 6 52 55 70 93
59 70 52 37 45 53 59 36 53 59 50 17 52 2 68 90 3 63 53 82 52 45 57 59 70 38 59 57 57 6 59 38 57 93 37 38 59 6 82 53 37 57 57 76 45 52 52 11 15 59
52 52 52 52 55 52 30 52 55 55 63 69 55 27 55 81 52 69 84 55 96 55 55 81 62 27 55 55 53 12 52 7 3 52 86 55 55 96 69 55 52 54 52 53 52 52 82 55 74 55
52 52 53 23 76 62 78 9 79 54 52 26 62 36 54 52 10 31 54 76 62 89 54 72 54 95 71 66 62 56 38 69 52 23 76 79 58 76 52 62 56 30 60 76 62 88 52 33 75 99
38 55 35 88 52 52 52 76 52 55 52 54 55 2 73 55 52 64 73 84 66 10 63 52 52 55 52 52 84 22 55 52 55 69 55 35 55 55 55 28 52 35 60 55 60 64 80 55 52 87
54 92 73 26 63 39 52 54 73 60 79 65 78 17 92 59 58 54 73 54 54 53 79 46 59 72 32 80 53 22 91 49 11 73 53 63 54 73 80 6 79 72 63 59 3 77 44 73 59 84
50 89 55 8 53 52 57 53 55 50 14 43 75 53 52 56 57 36 66 86 56 66 50 54 50 73 52 63 50 52 67 49 50 67 90 89 54 50 50 89 17 50 54 69 55 50 57 50 75 67
89 61 72 53 96 79 48 65 53 72 71 91 53 36 52 52 52 55 37 72 81 68 69 71 81 57 79 89 79 93 59 2 62 36 57 40 53 79 79 82 52 2 88 58 72 64 53 72 67 53
94 65 54 32 50 9 55 54 55 25 94 14 14 54 55 83 59 22 68 55 52 25 14 99 71 31 52 99 58 58 94 7 54 73 53 55 54 25 96 55 56 88 55 55 54 55 49 52 53 55
53 28 58 58 55 58 55 27 88 66 9 55 77 55 55 46 9 56 76 95 66 53 55 58 29 87 29 55 76 87 52 66 35 55 35 60 53 55 83 58 66 53 58 58 76 35 55 79 20 9
72 54 43 5 83 43 53 76 98 90 36 54 90 72 79 29 83 86 24 62 83 29 72 64 61 54 61 64 61 75 68 92 67 92 72 58 98 76 29 53 52 72 67 94 58 36 54 29 58 59
95 54 53 52 97 53 85 57 54 53 52 52 46 52 97 53 53 56 82 47 55 52 70 63 54 88 8 64 3 95 72 62 52 56 59 52 53 56 52 73 56 56 52 62 53 7 52 56 52 54
25 67 46 93 44 54 18 84 64 64 52 70 52 54 52 70 52 52 58 56 45 98 52 15 26 48 52 53 76 70 69 70 52 76 11 56 52 74 90 52 44 71 93 52 44 58 56 67 58 58
52 59 98 52 12 12 64 95 85 52 62 73 62 62 85 83 1 68 99 52 83 64 66 59 62 52 62 18 52 61 52 52 65 59 52 52 62 83 52 58 52 74 99 62 52 79 99 79 52 61
55 55 57 47 47 55 55 97 55 55 90 52 78 52 7 10 52 50 55 52 78 60 56 70 54 69 12 64 56 55 52 54 52 52 39 77 56 55 52 72 55 86 52 57 89 57 69 50 60 50
62 1 53 60 60 1 60 53 53 53 53 58 1 1 1 60 53 1 60 32 88 60 53 85 1 60 53 60 1 60 86 60 60 53 1 60 60 12 59 53 68 1 60 60 1 60 53 60 65 89
17 31 52 57 57 80 80 95 54 52 57 36 5 52 68 59 73 50 57 80 68 37 52 57 70 57 53 69 57 58 29 59 3 80 57 68 36 50 57 80 89 17 68 70 4 52 68 57 23 68
65 61 72 61 61 52 19 23 70 61 54 92 53 92 52 54 55 92 53 52 92 61 10 59 12 82 82 52 23 61 92 53 54 61 92 53 52 52 70 69 53 82 92 92 52 53 52 61 53 53
72 34 48 53 75 11 52 69 69 53 93 70 83 70 97 85 74 61 85 97 26 74 76 52 75 35 54 77 37 66 53 78 83 69 12 24 9 52 1 81 54 73 54 98 70 9 96 53 1 69
56 77 53 56 85 61 85 56 55 53 55 61 93 9 42 42 53 54 56 53 42 66 61 61 56 58 61 58 42 67 55 52 53 56 61 93 56 89 61 21 61 52 41 56 56 61 56 56 31 53
52 55 55 55 52 55 55 55 58 64 61 55 52 55 55 55 55 55 52 55 55 80 52 52 55 55 29 55 55 55 52 15 79 52 62 62 62 19 58 35 55 62 52 55 52 15 55 52 52 55
55 59 68 58 55 55 21 48 55 87 53 55 59 61 66 17 64 36 85 22 31 53 58 81 55 7 76 52 58 55 56 78 48 85 89 58 55 55 61 2 83 70 58 58 58 50 58 54 78 83
52 54 53 53 27 92 90 85 81 85 52 67 58 58 63 54 18 8 66 52 66 53 54 66 73 53 1 52 92 73 60 69 73 79 54 53 54 66 69 54 61 34 8 53 85 54 96 53 54 53
56 52 56 53 49 74 52 56 56 76 56 36 59 59 59 56 59 53 59 50 36 53 53 59 52 56 92 75 65 74 50 78 52 59 52 1 70 53 59 62 62 74 53 65 58 53 37 61 56 53
82 15 54 52 82 59 53 59 59 1 53 37 46 68 54 69 61 1 72 1 57 53 54 61 54 53 53 59 87 97 53 17 53 81 60 45 59 54 54 54 54 52 54 53 59 54 53 54 52 53
60 60 64 56 52 60 52 60 71 39 52 53 85 69 52 60 69 60 87 52 60 44 64 62 60 76 64 60 60 68 60 60 12 64 44 60 55 52 53 60 53 60 87 58 64 64 60 1 12 52
48 65 62 64 57 57 59 62 53 90 52 37 62 77 57 52 22 62 62 52 59 70 62 77 62 52 62 83 62 59 77 62 52 26 62 52 76 70 52 64 62 62 59 64 62 62 59 64 62 62
53 52 60 52 58 12 52 63 63 52 94 75 52 63 61 39 32 52 89 63 56 63 63 53 52 6 63 2 60 52 63 63 63 52 31 63 80 63 53 73 6 32 14 56 5 52 53 65 62 63
73 73 73 52 87 73 14 14 94 94 56 56 70 70 52 73 87 56 75 52 70 73 52 52 15 78 52 78 87 78 73 10 52 78 22 56 73 78 14 54 15 87 8 12 58 73 8 92 70 73
52 35 62 62 60 62 29 52 70 70 31 56 52 54 79 52 12 58 38 71 54 52 52 62 62 62 62 52 62 52 79 90 52 56 62 56 70 79 52 52 52 52 62 50 6 52 52 60 79 82
55 96 56 66 55 54 53 54 52 86 66 66 56 67 68 12 56 70 53 30 68 35 68 55 52 53 68 57 81 54 76 53 52 54 66 68 76 70 68 53 56 76 48 76 40 57 12 70 76 54
60 85 64 53 29 74 70 69 69 78 73 53 84 44 39 70 67 53 70 76 78 46 78 63 62 79 30 15 59 53 53 13 8 71 61 74 55 67 28 85 84 53 53 74 63 52 63 60 67 53
68 59 68 83 17 68 58 53 59 68 52 59 66 53 27 52 54 52 52 53 75 53 53 53 53 68 66 68 52 53 53 68 52 53 6 53 53 53 53 59 53 52 3 60 53 27 66 53 28 53
