331 308 487 312 13 303 331 410 310 331 315 302 307 302 124 429 331 380 382 309 309 302 315 328 309 191 302 432 203 534 334 310 331 331 315 331 307 384 424 308 302 319 306 357 415 328 593 381 227 413
305 315 302 381 539 305 304 302 132 346 519 302 408 443 484 50 325 325 490 464 422 315 325 367 334 308 316 122 319 310 304 319 305 313 319 549 330 320 322 303 309 321 391 509 315 304 385 334 64 325
314 563 501 337 481 408 307 354 303 252 318 305 318 507 314 313 413 318 248 303 73 309 337 305 407 77 306 134 134 550 484 303 319 40 462 84 501 357 195 312 318 429 306 427 312 309 337 302 342 60
109 325 305 334 49 309 319 305 387 260 348 344 332 90 507 315 323 319 334 303 350 344 302 354 162 552 327 404 160 334 320 360 344 13 340 326 305 305 348 407 57 319 340 209 320 339 305 194 320 161
399 302 562 306 306 334 409 306 421 302 344 306 306 351 467 306 306 306 348 433 303 365 305 334 305 556 309 304 309 305 55 452 90 306 105 74 408 302 306 344 107 138 433 581 305 334 176 306 283 302
308 320 312 79 349 337 305 553 448 43 281 327 290 440 303 415 545 327 349 528 453 305 302 349 309 410 349 110 327 453 349 304 337 90 303 333 303 349 349 345 369 304 349 308 595 304 303 94 320 303
303 347 279 303 413 287 339 1 302 170 303 475 416 303 303 376 309 166 107 597 309 304 367 315 303 431 523 571 334 107 60 307 339 309 310 307 319 335 313 307 90 313 302 309 337 343 303 303 303 597
316 46 240 456 315 82 305 267 362 308 418 441 307 324 404 304 307 599 352 310 405 315 380 140 475 353 305 380 304 321 322 309 332 362 320 324 345 262 370 371 336 414 181 321 336 442 279 362 305 366
303 396 329 305 309 446 435 278 329 424 309 306 304 193 304 317 247 356 306 302 306 313 429 320 307 302 418 313 13 69 44 309 304 98 306 309 313 302 467 304 86 309 365 305 317 227 302 543 373 305
330 306 541 442 42 541 550 224 303 155 303 192 480 317 325 302 345 307 303 303 511 330 374 563 302 305 228 302 306 335 312 307 399 352 302 325 312 306 312 309 317 306 303 386 409 303 312 328 312 302
374 334 482 436 302 303 303 143 220 308 455 348 308 303 308 482 308 305 308 302 308 355 303 308 400 302 316 384 304 304 376 326 302 307 303 308 189 401 302 305 304 326 50 308 304 456 401 308 525 307
310 303 305 302 424 303 317 306 302 303 176 302 316 311 302 365 303 311 303 317 209 514 302 346 343 312 348 302 414 316 303 303 303 443 523 31 469 590 326 449 303 326 319 316 311 9 305 303 438 394
302 303 37 458 311 309 302 303 312 372 309 303 302 307 304 302 359 303 370 362 303 318 372 302 302 209 328 82 302 302 303 353 353 358 465 100 307 355 542 302 312 408 309 303 398 115 274 303 317 362
88 257 324 304 317 418 317 403 302 322 302 419 135 126 302 329 319 375 438 228 304 306 382 317 304 303 304 304 559 342 329 302 334 304 317 420 67 306 302 309 317 331 304 302 304 322 304 563 302 302
300 306 305 304 300 304 141 300 316 303 330 597 566 323 518 594 300 238 566 579 324 305 588 343 189 304 374 303 305 383 311 302 306 429 212 594 287 132 21 57 320 305 182 374 326 529 300 578 578 365
304 355 596 304 304 400 389 304 304 303 380 304 333 520 355 377 331 302 389 77 358 322 303 29 453 77 304 596 304 304 304 342 342 302 309 400 311 303 471 342 312 302 473 322 304 114 444 537 304 314
372 94 174 319 152 305 96 300 432 319 319 384 466 300 316 501 99 305 162 300 346 516 315 300 303 310 319 189 471 314 559 312 312 302 188 430 319 300 325 309 308 99 49 256 303 416 302 498 404 99
325 315 304 529 308 322 305 316 304 44 304 306 327 304 315 305 304 271 460 304 306 304 487 311 574 304 323 12 302 308 158 426 361 306 313 585 302 328 302 302 186 360 187 330 123 315 451 304 487 235
332 316 306 302 302 416 332 304 323 303 332 306 131 300 300 306 306 421 319 450 394 303 316 303 332 350 306 410 306 303 332 315 392 166 315 302 306 350 352 302 306 401 596 470 373 332 450 332 329 208
313 316 5 304 302 313 304 329 356 313 311 135 491 479 356 414 78 302 302 313 318 533 362 313 318 356 336 248 538 408 414 428 326 318 304 248 323 506 309 356 304 329 333 356 453 459 304 484 453 135
548 40 302 302 106 188 117 302 334 583 360 302 335 308 422 302 308 308 302 307 308 278 308 308 148 302 308 308 325 308 378 302 106 541 302 302 347 452 302 308 335 307 386 308 302 308 385 302 308 362
360 412 303 428 279 309 314 324 306 315 309 302 314 428 329 481 412 304 303 305 332 308 306 313 477 377 52 372 308 306 351 305 312 395 308 308 312 47 150 306 321 437 312 312 428 309 303 309 101 440
305 303 315 316 61 302 164 317 305 138 360 339 303 317 443 388 479 365 303 302 317 313 205 315 320 317 302 374 317 250 309 231 353 309 320 374 352 319 303 52 346 303 151 309 303 317 331 303 317 526
303 318 312 309 303 303 312 302 302 302 302 312 303 302 303 303 217 312 322 306 302 329 302 388 312 303 466 302 217 361 303 79 352 204 303 305 303 303 303 505 312 309 478 320 303 303 303 321 312 312
373 190 315 375 46 309 477 315 345 303 309 338 315 572 169 426 317 123 121 315 330 305 432 317 316 331 303 506 290 46 303 102 303 304 124 338 317 311 366 493 303 318 46 537 141 312 303 289 303 348
458 303 438 302 308 307 336 302 33 307 163 307 303 307 302 578 227 303 303 303 303 578 306 303 303 302 440 306 212 365 304 310 444 302 302 337 345 303 305 310 349 323 186 303 307 323 303 307 303 319
332 305 302 305 314 307 303 302 302 331 491 508 302 303 302 303 434 305 187 369 557 332 338 302 309 477 303 474 307 476 323 307 303 323 305 291 508 557 546 302 179 302 303 307 305 520 327 323 302 303
302 311 309 303 429 411 303 307 325 305 360 325 403 302 349 305 303 306 302 447 403 132 307 416 305 303 311 325 381 114 303 492 303 35 309 187 303 309 494 325 345 532 325 325 376 306 303 306 325 430
306 357 48 337 306 357 302 336 306 306 307 192 311 305 478 31 302 306 314 306 306 313 312 332 306 313 312 306 302 324 369 341 305 313 482 306 320 312 304 48 313 324 306 388 120 318 443 306 309 304
139 469 302 321 332 332 322 344 303 561 314 350 347 361 352 111 321 314 370 318 303 314 321 434 302 321 340 149 321 303 347 314 384 321 314 302 321 384 303 316 318 506 318 309 100 321 318 179 347 302
588 421 304 302 302 416 403 302 304 305 425 313 95 304 570 417 302 274 302 452 304 304 302 311 302 319 346 304 49 316 434 302 302 302 501 394 9 302 303 304 302 392 374 304 304 379 302 525 359 304
308 574 340 255 253 338 324 368 493 306 582 399 303 303 367 340 327 303 303 578 362 328 197 225 367 314 302 302 315 38 338 361 302 302 302 151 305 302 303 303 338 338 66 325 338 307 356 302 303 34
303 128 421 473 303 305 128 305 310 380 421 128 310 309 304 304 310 380 310 94 380 319 380 306 316 421 341 305 327 319 380 462 81 319 306 311 316 340 194 303 340 310 25 421 319 304 306 165 346 306
303 335 309 385 443 302 309 257 272 309 69 30 316 310 316 303 293 272 303 303 230 309 330 50 303 314 385 310 310 341 585 303 308 308 308 320 303 320 309 396 289 402 303 148 331 433 118 286 309 302
332 390 327 313 327 319 306 342 350 308 351 320 318 350 305 308 527 449 308 360 309 571 328 304 302 319 229 176 318 1 229 178 318 318 328 304 346 305 511 309 531 138 350 332 490 318 390 308 350 516
388 358 313 307 262 362 358 343 337 343 309 309 324 311 89 138 311 321 328 320 303 313 302 434 302 358 163 362 358 393 39 331 582 332 361 6 307 343 358 358 361 78 314 309 302 369 362 306 484 233
310 245 308 353 360 338 349 1 462 68 462 47 71 350 556 138 434 318 97 354 310 318 19 318 462 378 462 11 449 462 371 318 2 435 363 363 363 80 120 491 207 308 389 435 190 462 311 326 441 331
141 327 315 304 579 333 303 343 519 304 318 302 335 203 302 303 302 303 327 303 27 302 183 317 313 303 303 303 303 460 138 316 302 302 312 446 595 308 302 302 327 446 302 327 327 303 147 392 327 295
345 346 311 591 308 349 406 120 326 308 247 322 390 65 502 370 319 19 309 308 308 32 332 415 502 584 314 356 487 341 24 408 415 307 322 307 424 308 307 326 238 326 326 314 315 536 26 439 455 451
302 302 341 302 306 293 306 310 152 538 302 338 200 309 310 306 332 482 306 409 306 306 309 152 305 350 395 306 306 398 302 314 302 188 310 334 384 314 306 360 460 338 325 305 268 308 313 459 251 306
332 372 377 303 305 303 396 304 303 304 303 304 304 347 303 302 304 226 116 303 304 304 90 305 342 303 332 303 305 547 302 302 195 304 304 242 304 302 304 304 304 302 303 304 420 312 304 305 304 328
308 341 339 303 237 325 320 565 305 356 458 515 155 198 303 581 37 302 303 302 395 250 304 501 302 369 430 303 304 303 366 390 349 303 368 305 309 266 378 565 383 56 456 25 313 303 573 302 302 337
310 552 406 302 322 335 271 472 303 303 335 304 310 304 304 81 303 327 365 302 455 303 304 303 304 197 362 303 101 304 132 449 335 143 304 335 310 332 424 327 591 304 302 322 338 335 320 327 542 334
305 453 490 302 286 396 302 302 57 310 345 302 302 453 309 333 302 343 335 342 309 453 309 302 362 302 453 324 302 303 302 302 453 551 362 302 39 309 302 309 321 304 396 534 415 344 356 76 330 304
453 333 306 302 320 324 306 64 517 324 303 338 323 311 307 119 359 303 323 320 303 306 307 524 166 321 324 201 118 305 308 442 320 330 359 304 563 311 303 302 333 176 359 334 166 302 320 394 306 303
193 302 304 365 149 306 302 313 356 13 338 304 386 353 122 353 324 334 304 334 320 302 326 313 326 379 577 492 375 304 304 304 363 369 338 141 309 585 304 304 262 451 85 302 473 304 302 306 334 421
1 25 368 362 303 385 363 313 302 313 342 305 211 304 337 288 209 342 302 508 344 330 1 329 303 302 302 318 321 367 201 472 96 224 326 329 329 223 302 303 464 303 410 303 308 342 303 431 337 304
304 304 304 84 311 556 325 359 304 327 212 303 551 338 510 304 304 34 510 378 306 306 306 338 421 306 306 392 304 359 366 303 340 359 384 306 103 306 3 348 338 306 331 338 303 338 85 345 313 381
317 345 315 304 300 319 350 245 308 331 304 316 382 319 300 303 311 319 493 316 322 54 374 311 523 517 458 311 343 306 400 20 74 450 326 306 345 304 304 313 319 107 265 393 389 562 341 129 360 210
302 302 563 517 307 303 302 302 425 302 303 303 344 303 340 303 343 342 17 307 369 547 435 302 341 298 312 133 308 303 317 303 83 312 334 91 341 521 398 302 303 302 153 369 303 183 302 317 326 303
294 245 379 560 316 308 444 313 310 333 366 334 313 306 306 320 302 208 311 422 412 319 585 324 585 585 597 585 302 352 154 302 585 303 585 303 212 4 585 323 303 302 492 308 369 427 497 318 316 585
170 329 555 394 308 330 305 4 308 308 340 319 330 30 309 109 307 30 374 487 473 318 485 450 384 596 165 347 413 359 349 328 347 319 318 374 324 459 527 308 531 298 304 328 28 349 546 528 311 308
122 327 129 314 308 307 454 598 371 308 307 358 317 308 408 307 25 302 308 331 454 308 327 303 65 302 460 308 308 305 349 522 307 305 313 313 458 392 305 315 552 573 478 39 304 313 303 327 331 99
482 380 309 536 407 304 302 22 241 304 104 26 69 312 536 279 364 364 597 305 309 370 312 522 304 322 333 419 536 364 303 394 322 391 412 483 364 302 337 302 429 377 143 376 416 365 419 333 111 308
325 303 305 302 357 305 541 309 199 541 38 303 315 334 302 305 381 302 541 92 265 305 302 320 308 302 302 305 305 542 302 303 302 315 302 541 321 307 305 151 421 305 258 588 399 541 417 305 261 302
431 312 80 306 267 308 338 303 302 479 438 302 311 302 331 306 576 331 426 311 302 344 366 456 427 306 306 325 317 312 311 446 364 308 306 306 386 337 313 364 317 331 302 318 489 302 306 338 302 316
313 343 392 59 446 354 343 354 486 56 319 320 316 262 313 110 581 527 354 313 233 311 307 313 313 345 316 307 313 311 303 433 106 343 287 378 305 245 342 576 562 419 318 313 359 313 90 331 342 354
385 308 59 333 491 423 302 331 311 302 59 308 36 380 424 385 58 315 331 302 589 324 287 328 332 360 311 348 595 55 331 307 315 440 58 441 439 364 311 424 308 311 311 107 121 310 311 311 466 444
491 303 8 304 304 241 320 327 514 404 321 433 55 330 370 335 367 358 68 269 252 242 315 304 365 439 483 240 308 328 307 581 304 321 307 303 321 318 303 357 403 320 518 439 6 321 303 576 341 487
508 341 276 302 375 303 571 368 276 302 302 311 302 304 303 302 307 340 401 302 272 303 303 566 41 505 303 303 319 339 302 303 396 302 208 75 317 302 270 259 328 368 450 303 302 307 208 314 423 321
1 426 497 50 1 325 303 307 302 276 236 303 302 302 303 329 302 311 33 336 348 302 325 302 303 419 187 302 303 303 465 223 310 310 305 422 551 303 473 422 303 303 314 328 326 323 386 323 135 303
594 321 108 105 405 302 328 107 319 321 225 160 61 300 307 221 405 414 405 369 399 481 326 303 305 305 106 262 305 373 506 391 341 302 346 384 405 399 380 436 326 313 302 476 410 302 493 302 189 341
595 302 387 357 302 305 477 305 302 98 307 492 314 397 363 305 159 81 305 42 522 216 307 317 302 399 305 467 517 595 309 305 306 305 458 305 265 18 310 23 346 406 313 302 302 119 302 306 305 28
302 308 303 306 502 329 220 306 314 454 306 311 311 454 363 386 495 302 311 306 302 306 559 530 471 449 306 302 304 306 302 302 302 26 303 306 302 311 311 306 239 306 574 100 302 306 380 302 317 239
319 577 359 319 500 448 408 306 315 306 306 306 90 310 441 306 545 53 359 302 306 19 362 343 303 249 81 303 306 500 306 303 306 359 197 427 528 544 473 227 362 304 335 337 553 56 306 306 306 306
328 307 319 499 408 303 510 328 528 164 306 423 357 528 418 164 445 319 302 487 352 105 238 528 303 327 303 342 323 56 323 510 307 555 306 306 305 423 146 303 328 302 338 319 323 583 306 324 303 462
323 332 310 307 404 419 161 307 380 410 459 415 305 355 338 391 307 380 305 305 148 316 330 302 320 323 318 378 518 374 304 428 325 361 315 456 378 308 68 305 378 40 304 307 401 310 434 81 332 308
306 303 325 303 302 303 244 302 302 303 544 390 303 63 303 360 325 302 540 302 540 329 303 391 436 369 303 303 302 306 311 311 325 448 325 303 335 311 486 372 314 258 303 311 23 371 434 302 316 302
388 447 254 337 302 309 5 302 280 315 350 423 306 302 304 306 313 398 388 324 1 306 349 388 543 588 538 116 528 375 308 350 306 333 305 306 309 317 350 474 383 306 309 322 324 193 379 471 498 302
181 305 570 302 302 302 305 319 305 302 302 343 302 305 336 361 303 309 302 407 560 305 303 309 303 510 305 316 303 168 411 425 289 475 363 316 302 322 314 65 303 305 303 305 377 34 305 309 101 305
351 398 581 543 106 406 272 381 319 368 326 326 335 333 326 302 419 351 518 302 29 382 326 368 518 368 325 319 309 302 303 581 302 326 326 444 431 241 306 339 412 302 477 320 433 326 308 110 326 367
346 304 307 304 589 304 304 43 59 390 449 569 306 306 354 325 385 312 170 367 306 240 318 304 312 408 81 363 327 499 306 306 304 494 306 307 306 306 333 304 304 408 304 579 579 356 310 303 488 327
302 542 229 542 307 400 103 307 302 307 302 307 320 336 344 302 339 24 344 310 339 307 302 439 9 307 351 307 306 512 166 336 307 542 302 302 395 310 542 121 454 271 302 311 307 467 354 411 305 307
302 489 302 305 353 337 276 322 305 305 305 409 157 302 306 305 302 302 332 302 328 305 390 396 305 373 375 305 305 303 310 305 305 302 302 157 305 322 341 305 149 185 302 347 348 454 305 304 438 377
304 310 544 302 307 313 366 310 329 337 308 353 302 306 342 473 308 330 316 316 313 302 25 310 315 302 315 548 293 310 309 304 304 411 313 310 353 404 370 4 315 364 302 358 547 334 364 360 306 571
514 337 297 317 313 311 415 330 317 518 307 582 404 444 313 304 382 128 492 302 511 313 12 28 201 304 400 28 240 306 303 316 240 305 302 302 281 310 465 491 114 492 429 305 313 341 550 201 453 98
369 324 313 556 369 377 344 474 333 73 341 479 326 320 304 481 540 320 311 212 102 402 499 313 371 411 305 8 303 311 188 313 313 236 46 313 359 372 305 371 139 514 96 551 366 304 382 313 381 231
309 332 261 315 315 302 324 314 315 302 318 441 315 267 302 319 303 324 314 315 312 331 302 332 302 311 302 319 302 315 124 1 307 314 437 324 423 315 318 318 314 403 314 424 315 315 315 459 307 318
460 324 155 334 313 583 36 303 501 323 460 422 330 267 271 323 331 330 366 529 422 303 460 426 361 305 303 330 319 355 313 323 4 303 308 410 307 154 324 311 308 303 313 330 330 303 330 242 231 184
313 303 501 329 546 308 343 343 210 246 303 51 373 367 424 339 321 331 513 327 308 339 327 414 321 308 321 343 530 114 339 282 315 349 324 184 315 324 565 355 417 339 331 495 321 335 308 343 360 339
319 302 329 402 395 91 304 322 163 349 315 46 75 479 331 322 311 210 296 331 89 322 92 376 395 323 311 371 302 309 134 331 311 331 357 307 373 209 302 307 49 485 329 473 188 307 376 323 210 48
349 303 313 303 321 302 1 302 160 303 313 302 302 304 325 303 303 304 321 303 302 303 343 302 218 319 122 302 403 303 408 304 324 147 553 303 302 437 329 302 303 329 507 304 529 321 315 303 317 303
298 202 302 316 333 293 304 303 461 304 333 333 303 333 307 314 362 308 456 308 519 152 333 308 333 321 303 304 303 321 333 216 333 23 308 404 333 303 351 440 310 140 409 440 303 302 303 344 398 29
304 303 337 304 559 314 335 158 343 303 245 324 355 302 227 340 21 536 391 455 499 332 319 469 314 303 464 302 302 44 374 318 302 303 328 347 302 331 392 338 260 464 308 528 302 306 514 371 230 320
341 350 363 323 407 329 307 305 334 305 323 306 327 343 382 346 313 306 304 323 471 305 306 347 321 307 307 451 306 222 82 309 306 302 169 304 306 377 306 322 329 334 330 313 343 275 307 466 329 401
305 302 302 506 388 305 302 302 8 302 137 63 261 305 359 340 302 582 302 305 422 302 455 324 302 580 302 305 66 358 305 473 302 361 313 316 302 513 391 324 328 454 324 305 396 79 138 302 424 305
318 302 304 309 593 302 354 302 365 302 365 304 302 320 304 225 205 319 371 320 167 557 304 138 320 323 302 302 304 268 306 325 338 312 306 401 307 320 365 304 364 304 304 422 426 302 311 358 397 589
401 492 311 302 50 339 320 308 307 41 388 313 90 57 303 318 403 310 302 424 322 310 320 226 339 310 345 305 302 339 363 322 339 302 339 339 339 324 306 346 439 302 322 302 322 573 93 401 339 574
315 274 408 485 161 305 341 518 315 315 330 564 315 305 306 306 307 219 108 220 388 580 483 345 359 377 303 351 191 213 311 303 304 177 302 127 377 324 154 312 523 303 339 193 311 346 518 388 306 325
310 304 51 302 302 140 302 302 331 343 304 302 305 501 302 302 317 51 509 303 398 304 308 302 304 398 7 417 550 338 391 316 417 304 96 535 304 119 317 27 377 304 393 460 471 370 304 302 304 302
302 115 179 385 114 309 456 477 18 321 430 326 564 312 319 420 341 271 347 303 430 329 410 444 308 158 302 411 573 336 324 214 359 237 319 308 325 333 355 310 503 310 482 81 310 326 309 564 306 187
311 302 311 369 438 303 311 444 513 311 325 164 378 372 303 318 552 311 83 318 318 325 458 313 302 497 4 325 348 329 36 352 134 318 311 33 348 339 67 325 303 433 324 289 302 558 325 397 303 457
305 308 327 305 328 302 280 123 230 305 312 310 518 325 305 305 525 341 528 305 305 356 305 460 341 305 305 396 302 302 303 356 302 478 302 315 302 305 305 303 305 305 302 305 463 305 61 305 302 307
336 315 258 355 313 30 303 302 303 307 200 302 302 302 304 304 440 302 315 327 315 300 71 303 455 397 302 71 302 308 303 303 330 337 258 406 305 305 423 302 231 327 339 450 305 303 315 434 302 302
201 595 307 302 307 308 381 307 307 308 33 302 450 302 200 268 307 302 56 302 402 302 307 305 359 437 307 1 325 307 461 346 308 172 421 325 318 313 121 302 302 584 32 303 392 537 290 302 302 302
33 302 316 311 306 306 518 330 316 262 166 361 306 366 33 337 85 479 344 344 273 361 508 203 512 391 302 316 274 316 599 321 361 449 310 466 361 333 283 319 353 306 316 323 324 319 323 306 445 310
305 335 379 319 350 322 322 332 470 302 332 319 322 309 347 267 342 346 379 305 332 302 302 302 305 450 69 292 334 537 404 305 302 322 305 336 304 360 305 234 144 340 463 28 302 438 313 381 318 363
355 307 304 317 307 319 313 350 314 375 387 307 117 352 302 384 378 352 310 309 468 355 310 265 494 402 307 349 473 302 331 181 205 512 473 359 319 313 123 307 284 307 302 321 313 307 388 307 473 302
216 321 303 362 321 312 220 328 50 234 306 332 304 303 320 308 306 355 308 307 315 321 312 368 397 317 354 307 354 473 509 368 324 312 324 195 324 307 368 398 356 303 336 336 382 428 326 302 355 307
267 352 239 304 346 303 432 346 379 330 345 355 316 324 183 476 359 304 359 227 406 406 303 314 314 586 277 307 345 346 352 581 307 517 304 432 306 353 306 306 311 303 346 303 311 416 358 307 311 307
