41 28 36 58 52 13 53 68 3 52 52 55 26 93 41 56 48 56 64 64 52 96 52 55 53 83 35 53 27 59 52 81 64 64 55 62 53 56 64 37 97 27 77 53 40 55 66 64 53 93
52 14 95 54 52 54 77 7 78 54 52 58 52 83 52 52 63 54 52 24 54 77 94 17 54 54 52 53 52 94 24 77 54 53 52 77 53 12 66 77 62 77 77 77 53 42 77 52 77 54
76 60 2 57 70 60 55 60 27 70 61 75 62 65 70 58 85 21 25 41 60 56 93 57 61 18 70 65 25 97 50 82 66 82 65 62 94 40 66 54 50 2 56 99 64 57 20 92 70 58
60 57 54 55 11 54 60 57 54 77 90 55 54 96 94 58 55 55 55 58 55 52 54 94 55 54 56 55 39 56 57 38 53 55 55 55 48 53 53 64 53 55 54 55 55 55 94 55 54 54
37 17 53 72 98 29 72 53 52 32 52 53 72 68 63 11 53 56 55 55 18 31 29 61 98 55 72 83 55 61 61 12 44 55 72 70 76 69 53 54 80 61 54 81 55 52 61 5 28 53
56 95 72 54 53 75 56 98 75 63 56 1 56 77 54 56 81 63 70 52 61 52 9 61 52 78 53 38 15 34 59 56 1 15 56 55 56 1 56 50 59 15 52 52 55 77 77 52 52 59
52 70 70 70 70 72 77 70 78 70 45 56 73 52 8 18 64 94 56 70 70 64 96 52 74 52 94 64 56 70 64 10 73 52 18 21 59 57 75 39 55 58 23 91 94 70 56 70 37 71
55 70 84 52 55 52 70 70 64 70 65 55 52 99 67 53 53 53 60 53 55 53 70 55 60 19 4 53 70 53 62 84 53 44 56 55 53 70 70 53 10 70 53 48 52 70 55 53 78 99
65 52 59 52 90 62 65 58 52 47 87 65 52 53 92 52 58 39 10 58 65 73 65 52 52 65 52 33 59 56 1 34 65 94 54 55 52 52 62 65 52 65 52 46 52 52 65 65 81 58
61 60 53 48 17 48 49 53 53 17 71 55 17 61 73 61 61 11 76 61 28 55 52 60 95 42 61 57 63 55 11 42 35 50 7 89 17 17 61 17 98 55 65 72 7 87 61 69 21 7
58 18 68 54 58 58 52 60 58 68 58 61 21 52 52 52 52 52 86 52 58 61 87 4 52 53 57 5 81 67 68 54 67 61 19 58 52 52 24 25 52 58 23 52 58 4 63 47 52 60
44 73 44 37 67 54 48 52 55 65 43 67 63 52 44 87 59 73 12 65 97 83 44 63 43 53 58 92 65 59 54 52 98 87 63 50 53 22 90 54 52 24 63 22 34 48 65 94 70 76
49 99 23 50 52 52 92 65 57 56 44 50 28 5 52 50 50 14 50 56 27 52 13 50 54 14 70 60 21 52 48 58 56 10 5 50 50 52 31 52 50 52 52 52 28 55 52 56 56 52
53 80 54 50 81 13 54 43 57 66 2 80 69 56 58 80 80 75 24 54 2 71 56 20 54 42 80 71 45 42 59 80 15 79 80 71 54 75 59 79 59 54 79 59 54 43 54 79 75 13
53 53 54 54 63 50 54 84 54 61 59 53 39 25 43 58 64 48 54 79 53 53 54 79 52 54 50 82 53 53 79 54 9 9 50 53 53 75 75 50 58 59 50 22 59 50 79 22 79 50
88 60 81 54 63 45 26 93 57 61 96 81 54 88 81 53 56 54 4 78 63 4 54 54 93 54 2 61 38 88 6 54 98 62 62 44 34 53 9 60 81 54 66 57 83 52 88 61 6 75
52 55 25 78 61 58 52 61 69 53 58 61 55 61 55 52 52 56 40 53 55 61 61 61 61 25 61 61 61 52 55 61 52 58 76 54 61 61 55 61 61 61 16 52 61 76 55 22 61 61
24 84 54 50 28 54 18 90 91 62 59 16 11 22 91 77 29 55 59 71 21 88 42 3 52 59 56 60 52 62 26 11 54 55 54 29 59 62 63 54 20 29 21 11 25 54 62 58 12 55
73 52 73 18 87 53 40 45 52 65 73 45 48 67 64 64 35 73 87 73 73 37 34 73 40 53 73 45 46 40 53 38 74 25 54 24 53 53 85 40 54 73 4 45 65 77 74 52 37 73
65 42 53 54 73 18 73 73 81 52 73 52 73 87 94 52 52 52 73 73 73 52 52 54 52 52 73 73 52 9 73 73 73 52 61 73 21 60 52 89 50 52 52 52 73 61 52 73 73 73
68 52 53 52 52 58 52 52 60 82 52 82 98 29 53 73 53 63 77 67 24 52 53 62 52 98 98 21 52 43 54 75 95 52 82 75 57 57 82 61 52 75 57 79 84 59 81 13 57 82
64 61 73 10 94 88 60 70 17 7 65 56 35 8 60 61 17 50 50 73 56 60 54 40 75 54 15 72 92 60 39 68 73 83 61 98 95 31 60 90 81 55 89 5 95 95 73 1 69 55
52 55 55 54 52 52 55 52 52 52 52 52 52 70 95 52 55 18 1 55 52 52 71 52 91 50 84 52 18 52 55 55 58 92 48 27 95 56 77 95 52 66 82 52 52 52 54 69 81 67
58 53 53 27 52 52 59 55 52 52 32 57 53 52 62 53 23 53 62 81 52 98 53 58 52 55 52 52 18 53 53 52 53 53 73 52 52 81 52 52 53 96 52 53 53 52 52 81 53 53
53 62 13 53 77 53 48 70 57 83 44 97 4 54 53 18 44 77 65 24 23 55 76 60 77 54 61 87 52 88 7 76 53 55 60 17 57 77 70 35 68 77 69 81 88 68 68 87 52 55
61 44 1 55 91 55 54 72 55 55 90 47 16 1 61 55 52 1 9 61 72 24 6 54 52 54 61 71 81 14 54 93 61 55 54 61 61 61 1 63 74 63 1 54 54 90 1 56 37 61
52 1 44 53 53 53 53 53 95 48 53 53 2 53 53 32 52 61 52 52 53 52 1 53 95 52 52 87 52 2 52 61 48 52 19 53 61 14 53 56 53 52 53 53 19 56 52 52 53 73
52 68 52 54 65 57 21 52 46 39 93 58 52 93 57 21 30 21 65 52 6 70 68 93 60 16 86 91 52 57 68 58 57 22 58 26 85 84 92 52 54 21 93 46 93 84 52 93 57 6
66 59 61 54 90 82 14 53 15 57 75 61 14 58 61 61 55 26 89 39 55 61 56 59 61 50 58 61 49 92 61 66 20 60 75 5 48 61 15 9 66 66 15 15 15 71 14 52 11 66
63 71 63 23 60 71 60 60 53 52 52 76 52 52 53 76 76 10 79 63 53 53 54 99 52 52 79 57 60 55 93 61 39 60 63 53 10 53 55 57 34 55 10 46 23 55 53 63 54 11
64 54 58 81 54 96 54 54 67 25 63 61 69 63 79 37 77 4 55 94 37 55 65 81 39 54 55 54 53 55 59 42 54 54 78 24 55 39 53 86 55 63 53 54 58 68 25 61 55 55
56 60 13 64 65 58 66 19 65 69 52 72 53 53 66 69 73 64 62 8 16 65 64 58 41 82 42 29 25 41 43 66 55 62 20 63 56 66 78 69 50 69 92 66 65 66 56 87 41 64
91 99 52 52 26 58 68 68 88 52 52 68 63 52 77 52 52 68 68 68 69 22 29 52 63 34 65 76 53 57 14 68 69 68 65 68 68 52 89 68 52 74 52 25 68 52 87 52 94 21
57 62 62 59 60 57 54 78 55 78 66 57 50 52 11 5 30 64 59 59 3 54 55 52 57 53 59 55 55 59 68 55 55 50 94 50 46 1 58 55 55 46 55 59 68 54 59 53 56 55
33 66 60 52 14 62 15 53 66 66 55 5 8 62 61 54 74 59 66 57 61 65 14 55 61 59 54 53 52 4 66 54 53 66 66 66 33 66 61 64 8 53 14 54 14 55 59 59 53 95
75 19 87 88 54 56 62 56 30 52 14 87 73 50 96 45 50 15 73 58 66 62 62 62 59 58 87 54 50 88 77 49 88 62 62 94 88 58 56 54 56 62 77 88 30 20 92 75 52 50
82 66 66 99 91 58 66 52 69 13 60 67 69 53 82 69 85 52 44 69 68 54 77 82 54 55 2 52 53 56 92 44 78 54 67 61 66 69 44 73 82 69 13 52 2 91 67 53 22 69
88 78 88 16 54 84 54 27 84 58 88 84 31 88 53 84 84 27 64 54 20 54 34 88 54 55 59 49 54 68 31 71 53 84 20 99 88 54 88 84 68 99 88 56 59 58 59 68 74 52
32 56 55 62 57 74 50 7 83 59 58 80 2 7 65 34 50 75 74 66 68 50 56 69 2 61 37 62 54 30 57 6 50 74 55 50 6 33 56 7 61 81 59 2 50 6 1 62 16 6
53 46 53 53 47 47 52 53 50 52 46 52 48 46 37 53 50 66 47 52 46 52 54 66 53 66 46 52 53 47 46 52 81 70 46 54 53 46 52 54 47 54 66 54 54 46 53 64 18 75
6 80 15 58 52 79 53 46 79 53 75 65 97 35 52 6 55 69 89 61 81 6 86 15 15 20 65 55 7 55 78 79 82 27 6 60 64 60 15 57 53 79 53 53 6 61 64 55 74 52
63 78 52 52 55 65 55 55 56 52 81 63 63 52 55 52 45 55 52 55 1 52 60 52 55 52 52 27 2 1 52 45 52 78 93 52 52 55 55 52 55 54 52 52 55 52 55 52 52 52
50 29 82 56 56 56 43 88 21 55 1 56 1 17 65 65 59 85 88 88 2 82 85 65 76 82 53 50 48 56 88 88 56 50 9 62 56 59 1 96 63 59 1 1 65 70 55 29 70 50
75 61 54 75 75 83 52 52 35 75 52 52 52 6 60 61 56 75 52 52 52 52 75 75 64 75 73 75 53 53 75 68 87 75 75 75 75 15 75 75 52 75 75 75 40 52 52 52 52 52
56 13 88 81 79 84 67 82 72 13 52 98 63 66 56 57 98 59 59 98 13 56 57 58 82 57 81 80 96 98 13 3 52 56 13 58 66 78 66 58 60 75 98 76 52 10 66 59 71 58
71 95 58 52 83 56 68 58 52 53 58 17 53 58 20 56 43 56 56 75 56 81 43 58 58 52 17 58 52 53 52 75 56 92 52 52 56 93 68 68 62 94 58 56 98 56 58 7 58 58
47 47 47 45 47 71 70 71 47 18 71 30 72 70 17 77 52 47 70 74 61 77 72 85 46 77 6 72 47 43 61 25 71 83 54 47 47 68 53 71 47 53 4 52 71 85 82 82 47 70
95 64 46 83 61 61 53 81 58 19 6 65 61 7 17 50 52 55 74 61 18 85 53 61 55 16 53 10 80 55 56 65 85 83 61 4 11 81 65 29 69 65 71 6 81 65 55 61 74 71
59 54 59 97 87 56 88 40 59 59 24 88 55 55 52 2 77 10 74 52 8 14 53 92 97 84 55 55 78 24 78 72 97 11 94 60 54 55 97 59 59 53 81 59 59 97 13 59 57 28
50 70 67 52 54 67 52 76 67 54 6 50 66 72 70 68 78 50 91 74 50 6 70 57 52 52 7 75 4 82 54 47 79 54 50 57 1 8 82 99 50 57 57 4 8 27 72 50 54 62
53 53 53 7 53 53 53 53 72 22 57 66 52 53 41 57 54 53 63 79 53 53 50 66 53 52 66 53 52 74 61 95 59 8 33 52 65 53 53 32 52 66 80 53 53 53 1 23 63 40
58 78 50 98 7 62 5 50 69 35 65 5 38 62 7 7 62 85 68 50 36 55 85 60 62 85 53 68 55 61 70 50 50 91 45 85 54 50 66 55 54 53 50 85 69 36 50 60 57 55
50 56 12 50 85 50 50 50 10 52 59 50 50 81 52 64 50 89 50 58 89 68 6 61 52 84 50 59 67 52 50 52 58 21 43 68 50 42 62 50 93 80 79 1 52 52 50 58 52 61
55 49 28 99 55 80 22 52 80 60 56 65 17 57 63 42 80 56 80 80 17 66 80 82 5 23 81 22 55 7 55 73 54 47 18 56 63 47 63 23 80 56 60 50 55 95 63 71 56 62
92 92 7 53 18 1 55 53 55 83 92 54 64 83 64 36 64 55 83 92 55 92 45 92 41 55 68 82 55 90 83 58 64 67 55 92 92 94 83 28 2 73 94 53 54 84 67 73 41 64
59 55 33 53 62 71 55 50 1 50 62 70 19 76 7 87 69 55 33 52 59 21 54 29 59 5 85 83 70 97 52 33 52 63 69 59 53 71 71 58 99 53 59 55 40 33 50 69 71 59
67 69 52 69 39 61 60 2 93 10 52 80 56 53 10 10 10 53 10 61 10 32 11 53 50 74 60 61 52 74 52 10 69 52 59 57 74 67 74 50 58 58 53 62 52 52 69 67 52 53
31 45 98 2 71 72 79 52 32 71 74 67 64 19 45 71 71 52 91 71 52 54 52 50 52 52 71 93 85 55 74 71 21 70 35 75 75 27 70 13 82 79 71 45 52 17 98 67 45 71
58 43 55 60 58 32 66 55 46 60 52 60 55 55 46 60 58 77 60 67 58 58 58 54 60 29 60 54 58 54 76 52 66 30 54 60 63 33 68 43 58 55 60 13 12 12 58 68 57 57
66 88 38 57 17 57 1 67 38 69 82 54 85 68 52 53 57 69 36 80 57 69 72 69 95 56 57 69 67 69 68 73 49 53 47 8 57 47 68 56 52 68 56 52 58 27 59 11 55 56
54 70 53 91 38 61 29 79 52 62 87 67 54 52 54 79 52 53 62 62 87 54 67 75 75 87 56 62 56 54 18 70 29 60 13 53 55 65 56 53 95 62 88 58 52 36 62 52 27 55
57 18 25 52 77 17 74 57 17 57 89 58 58 52 57 80 58 62 64 54 77 89 57 1 57 57 57 19 85 58 58 42 15 55 83 65 53 89 68 59 53 65 64 88 55 72 96 58 32 54
74 77 53 53 57 61 52 56 8 66 9 22 41 52 49 9 56 41 76 53 49 56 53 50 49 49 32 58 64 53 25 41 19 85 74 49 77 50 4 74 69 74 24 9 49 65 54 69 50 57
47 69 11 89 54 71 56 16 54 74 50 73 64 62 46 66 57 57 57 66 89 11 44 71 67 67 25 67 54 66 54 64 34 91 11 60 60 73 68 79 67 56 94 50 62 80 98 36 59 57
52 1 14 68 68 20 53 86 60 20 61 50 1 39 44 57 60 50 60 54 63 14 53 53 53 96 71 52 95 68 31 1 33 63 50 60 34 78 70 76 52 60 33 52 63 52 53 62 70 69
56 57 52 59 8 72 63 66 73 54 42 42 46 71 63 52 77 77 71 66 59 3 8 52 18 42 45 36 61 84 64 76 84 68 23 21 63 76 8 52 57 64 92 56 52 71 55 71 37 68
55 55 55 55 10 50 53 49 60 50 68 50 77 79 53 81 55 52 57 23 55 55 52 65 55 23 65 55 65 52 55 55 68 22 55 52 55 67 67 55 94 55 54 53 97 52 57 55 58 55
75 58 93 15 76 1 76 35 1 75 75 72 76 79 76 75 61 55 74 65 75 63 68 36 67 77 25 17 90 75 76 3 25 63 27 6 87 76 3 63 61 77 63 74 72 2 28 60 68 46
2 68 59 79 15 97 43 55 58 69 65 66 81 13 68 21 79 67 54 81 33 60 58 32 67 58 74 66 60 65 50 65 50 60 61 67 60 38 64 98 18 79 87 64 67 55 65 62 57 89
59 98 50 98 53 63 88 70 90 91 53 62 98 98 56 82 53 59 68 48 69 63 59 68 98 65 98 59 98 4 61 90 50 59 59 69 90 59 59 59 79 98 63 70 53 75 75 26 53 80
88 54 88 84 88 62 85 85 28 57 52 84 18 85 55 95 55 94 28 43 54 66 73 88 68 54 64 90 54 73 66 88 66 88 66 41 88 7 90 81 54 83 85 12 62 88 78 66 90 66
71 57 50 59 56 58 59 50 82 56 66 64 57 66 50 50 79 62 79 57 97 73 25 61 16 59 25 55 30 62 50 59 50 59 57 69 97 57 57 32 54 73 50 61 57 64 61 25 59 66
52 64 10 57 54 50 52 82 56 56 9 56 52 52 56 52 39 56 56 56 84 56 56 56 56 54 52 52 2 56 52 52 56 78 52 64 56 52 56 56 12 54 43 62 56 56 62 58 63 56
39 61 53 53 67 53 58 61 48 64 62 53 53 29 53 64 25 12 64 69 47 53 64 57 14 55 72 52 52 57 87 74 53 61 47 93 64 54 58 11 53 54 90 29 55 52 74 79 61 76
86 38 3 56 1 56 56 53 95 53 98 53 13 74 42 74 41 59 53 57 62 68 91 53 98 13 91 91 63 98 52 68 45 62 42 19 62 52 56 91 74 91 60 58 59 61 52 42 59 53
33 66 62 81 62 62 53 62 47 90 12 62 52 52 58 53 56 25 55 62 62 94 94 56 8 11 53 55 54 62 52 81 52 58 89 53 64 82 62 53 62 52 88 62 17 8 63 66 55 16
58 84 52 53 96 53 53 77 87 53 50 52 86 53 52 53 22 53 52 58 53 50 53 39 87 53 50 60 76 53 40 80 68 52 57 75 53 53 52 53 53 72 52 52 52 60 23 83 23 53
55 74 30 55 46 20 74 74 57 62 65 62 10 62 90 86 30 67 61 62 61 61 55 5 53 61 82 55 50 62 55 53 65 7 55 93 60 1 65 65 57 53 87 14 60 62 60 6 62 30
56 86 93 52 63 53 52 62 13 91 68 13 38 78 1 86 53 54 61 62 68 57 13 87 78 13 92 63 87 99 73 3 66 57 14 68 63 13 93 52 68 44 68 57 78 13 73 67 68 53
41 56 37 77 62 58 47 74 37 37 99 54 53 86 37 48 66 81 11 57 38 93 37 52 58 46 88 34 60 52 67 38 76 77 37 88 60 56 52 38 77 34 74 58 62 38 60 37 11 56
85 91 94 85 58 61 52 85 91 85 85 58 85 94 64 52 85 69 89 67 37 41 86 85 85 53 56 54 88 53 85 52 54 85 64 52 85 52 54 85 52 52 85 86 58 52 52 52 52 33
95 95 95 95 95 1 25 57 3 53 57 54 95 92 95 95 53 63 1 95 64 95 97 95 76 87 67 95 11 56 57 84 57 95 2 95 57 57 53 57 95 95 95 2 1 53 53 61 53 57
19 54 53 72 58 54 6 56 58 56 50 56 55 6 58 91 49 58 60 1 58 56 56 54 66 52 91 60 72 52 57 59 49 53 55 50 6 6 72 6 81 86 72 55 6 82 56 72 56 56
53 59 65 54 66 97 57 77 66 65 59 97 24 55 55 65 55 55 79 49 59 54 65 44 59 65 80 57 27 65 97 66 76 52 59 65 50 65 85 55 50 59 65 77 65 65 34 65 55 30
85 70 8 62 52 52 61 3 58 68 23 52 76 98 94 71 80 91 58 70 70 82 79 81 38 63 7 71 71 58 58 56 68 75 61 58 96 59 71 82 53 25 2 52 37 62 2 76 77 60
56 55 59 55 56 59 55 52 41 55 89 99 54 97 19 18 89 18 54 54 60 54 55 61 53 54 76 65 30 52 76 40 90 53 18 71 97 48 52 65 52 84 39 54 29 55 60 54 54 18
86 54 92 3 57 52 55 68 86 36 84 54 14 54 73 53 54 54 58 52 55 52 54 52 54 52 84 54 52 52 52 53 54 54 65 65 92 65 84 54 94 58 61 54 92 52 52 66 54 18
62 52 58 78 53 52 58 53 12 56 52 12 78 62 68 42 53 62 62 64 53 52 52 52 53 7 56 52 52 32 53 43 52 53 52 53 52 52 58 54 53 53 62 78 68 53 81 52 53 52
57 52 42 95 52 55 59 53 82 23 61 53 3 52 1 54 71 29 61 77 71 66 93 21 68 98 52 61 53 17 45 52 55 3 52 58 63 78 17 53 92 78 53 30 66 71 53 25 95 93
75 18 75 24 66 76 55 75 85 54 40 75 55 19 88 22 22 79 9 15 75 88 75 55 1 52 53 11 79 88 67 61 55 54 81 10 75 88 55 76 55 75 75 6 75 54 74 88 75 91
52 75 72 66 69 52 73 42 55 42 79 52 73 82 84 55 14 87 19 25 61 60 88 12 83 19 55 26 87 57 90 87 72 42 4 82 14 1 84 39 73 52 55 70 52 14 26 4 60 53
53 54 4 13 64 64 50 69 1 81 64 8 62 57 50 54 60 1 52 68 54 56 52 65 52 55 57 1 29 2 58 8 90 62 72 8 1 60 88 54 56 56 55 68 53 57 50 52 52 61
79 71 70 58 71 81 6 96 41 82 81 42 59 42 6 3 78 53 69 56 50 81 31 53 59 42 35 95 56 3 89 74 82 84 66 73 6 6 76 77 48 55 53 73 24 59 25 98 60 88
13 95 50 62 50 4 53 76 52 52 52 53 50 53 13 41 76 50 67 54 52 50 54 55 99 50 28 55 56 63 28 99 62 91 54 8 94 53 53 63 50 28 87 83 52 99 67 32 19 53
61 1 87 52 1 56 55 69 57 19 55 1 56 70 73 75 80 20 70 63 17 1 1 52 58 76 82 1 59 59 36 52 1 1 61 56 17 55 70 55 55 47 1 18 56 94 55 61 73 37
61 58 58 55 58 52 58 58 59 65 56 65 68 59 1 55 42 42 21 80 52 1 52 52 60 58 65 59 59 58 52 73 52 52 58 39 59 65 55 58 65 58 58 60 65 58 58 57 61 75
78 70 52 54 52 54 66 54 13 54 53 93 30 52 69 58 74 14 66 1 54 21 31 66 14 54 54 67 52 10 54 52 54 54 12 75 60 52 66 31 1 52 54 54 53 53 66 78 87 80
63 53 55 53 4 53 52 53 53 58 53 61 52 60 53 52 52 60 52 53 52 53 69 15 55 53 53 52 99 58 52 20 52 1 53 52 62 53 52 58 63 58 61 5 52 53 71 52 53 52
52 55 53 52 94 57 84 1 53 52 54 52 52 57 57 52 52 76 1 54 96 54 58 57 60 84 55 57 53 57 23 70 63 57 94 53 55 52 57 52 57 52 18 53 60 71 52 52 57 28
53 58 56 58 59 68 52 53 97 1 59 59 59 60 1 2 52 59 61 48 56 58 91 56 52 59 57 57 1 52 52 53 59 81 86 29 10 1 58 61 59 34 7 58 57 58 59 1 53 52
