126 190 186 126 198 71 51 59 108 163 22 107 44 137 110 103 108 143 43 61 109 102 103 172 105 117 43 92 103 126 95 156 92 111 43 47 126 59 44 103 43 144 103 126 127 182 107 103 126 126
110 163 104 104 86 104 38 118 139 131 103 163 96 23 108 114 7 35 50 104 105 110 61 97 21 105 87 105 104 118 80 4 197 102 108 177 174 60 72 106 108 120 7 104 103 103 81 99 104 104
16 75 105 102 105 102 55 156 145 105 105 105 102 102 111 102 105 75 102 111 113 102 102 105 137 188 105 105 115 105 102 102 105 62 105 111 105 102 103 29 104 102 112 105 85 159 105 113 70 132
102 189 179 112 125 140 29 80 112 109 104 116 186 140 112 104 104 106 125 117 104 132 109 110 86 102 130 102 109 112 82 74 114 140 140 112 105 112 4 129 135 104 104 112 102 51 112 104 161 45
143 110 103 103 104 30 102 110 102 103 102 102 150 104 117 103 104 114 108 110 104 102 110 102 165 108 103 30 102 103 102 103 103 103 104 107 102 102 103 103 104 103 5 110 104 113 103 112 109 150
151 62 102 106 9 175 118 120 124 110 124 103 108 173 120 104 108 102 198 183 118 102 124 175 194 194 100 115 108 160 163 110 103 194 87 103 175 175 108 135 128 4 110 103 135 103 118 117 167 138
70 104 131 112 57 7 118 112 1 58 148 131 131 1 1 159 117 106 1 127 103 112 47 1 122 114 167 57 112 156 176 146 112 103 140 125 1 60 107 196 103 174 168 89 112 131 131 134 117 143
157 110 34 12 111 150 141 102 102 102 157 103 181 159 127 102 103 104 159 111 128 111 118 111 128 9 128 128 141 137 48 103 135 113 105 102 128 34 8 103 157 157 98 106 112 112 157 115 111 108
128 121 72 128 106 106 111 121 64 42 36 118 160 105 105 104 102 72 178 145 121 106 105 111 105 128 49 128 128 105 109 102 102 72 104 105 115 172 121 103 68 118 128 194 110 24 106 115 107 110
127 5 110 104 121 109 145 184 104 106 115 30 107 9 145 137 9 104 113 167 115 145 189 121 184 145 122 59 61 104 103 104 115 92 138 107 129 121 103 102 60 106 143 9 115 95 129 105 39 115
102 117 106 158 184 106 106 102 35 117 102 115 127 106 117 102 102 175 93 107 10 117 106 26 93 137 113 106 112 106 106 140 52 96 106 119 103 106 102 152 137 104 104 102 104 106 184 102 106 152
102 117 89 104 60 109 105 109 103 103 109 103 108 102 144 103 112 26 60 102 103 103 24 103 102 72 126 36 103 103 52 135 103 128 102 102 103 147 102 103 12 102 125 103 121 109 113 103 116 105
82 125 132 103 102 131 103 116 116 135 102 128 104 103 102 48 94 131 105 104 104 116 103 104 129 116 102 143 102 176 104 116 39 104 108 103 171 86 104 116 105 106 122 103 125 104 104 103 104 3
114 115 174 152 57 40 115 112 122 171 115 122 1 102 58 57 102 136 116 64 112 106 115 115 115 109 102 156 102 102 105 131 108 8 102 89 115 141 114 116 108 197 82 146 102 35 115 192 120 82
111 102 38 38 104 45 58 102 124 102 21 102 107 161 104 144 152 102 108 46 134 71 104 44 109 124 116 111 105 102 67 95 107 109 199 124 25 107 113 148 104 47 140 165 39 47 153 72 124 153
57 102 93 113 82 109 109 132 114 105 112 105 144 110 119 137 120 103 121 20 153 190 109 115 114 58 103 77 115 170 121 77 7 38 127 106 7 179 6 119 106 57 135 135 106 132 111 107 76 111
114 183 94 189 3 103 52 93 138 11 121 114 114 167 174 103 167 114 199 121 125 114 126 199 108 178 114 114 134 114 106 135 165 193 106 105 103 82 199 80 114 117 161 199 146 114 114 11 106 114
104 104 116 107 46 30 105 110 125 130 156 41 18 191 106 125 108 126 94 106 108 104 108 108 105 106 108 171 104 106 109 126 3 125 113 126 116 106 125 191 37 125 150 50 50 112 106 187 192 114
104 115 105 111 107 157 116 104 113 134 107 42 134 85 96 104 104 111 128 128 104 78 111 199 122 141 111 103 111 152 83 110 28 104 115 128 134 115 100 104 141 104 131 105 104 104 146 62 172 104
103 111 102 102 136 124 102 102 104 102 17 105 108 108 111 102 82 113 108 103 105 120 132 103 105 102 102 102 103 102 149 103 57 113 120 103 103 103 102 105 105 107 136 102 104 102 102 102 111 168
143 122 121 54 108 30 21 95 153 117 145 105 132 124 113 111 150 156 116 97 181 125 139 115 24 105 104 102 119 124 104 150 113 104 130 122 6 150 143 111 122 121 109 44 198 113 22 109 150 119
151 109 103 114 102 114 102 102 175 109 103 179 175 102 106 134 111 102 102 108 102 114 121 102 102 103 104 106 151 103 76 61 106 102 121 102 102 148 188 186 87 106 102 142 103 102 102 88 152 102
102 124 104 119 26 112 141 120 104 123 102 119 104 26 104 104 104 104 102 84 111 1 100 26 193 148 26 149 103 104 102 103 148 102 102 170 176 105 104 26 102 104 102 144 111 102 107 102 102 104
103 115 122 111 138 167 105 138 127 140 115 74 118 116 93 53 156 115 109 116 115 138 106 102 82 140 111 159 164 115 127 127 67 190 138 106 105 141 9 105 106 115 69 115 105 125 106 36 180 115
128 102 128 102 162 149 3 102 35 128 102 57 102 156 128 156 107 110 107 112 128 157 158 111 128 120 91 128 107 120 128 156 102 128 187 102 128 150 107 41 150 102 28 195 107 128 139 102 108 128
186 126 105 100 79 104 109 104 130 100 81 129 126 154 105 88 104 113 126 100 104 196 108 102 104 102 126 108 83 108 100 81 132 85 94 103 81 126 103 57 45 57 118 113 102 126 113 104 104 126
153 164 117 103 105 126 178 114 14 50 111 120 123 67 137 105 87 110 104 133 45 104 106 103 170 35 141 104 176 112 104 106 105 104 129 148 143 111 119 110 126 110 109 111 119 105 117 116 110 57
38 103 122 103 107 40 123 139 130 124 157 102 102 103 102 31 107 103 113 102 102 103 103 105 102 105 105 102 154 107 86 103 28 103 28 127 103 28 105 92 102 23 103 103 104 109 121 40 102 107
104 102 114 105 132 122 103 171 124 118 118 95 171 121 111 105 105 137 133 103 135 196 104 37 106 115 159 105 104 163 107 120 102 104 115 104 105 109 129 130 105 105 133 135 105 105 54 102 104 107
198 191 128 141 38 108 113 48 105 118 193 103 191 128 118 116 145 103 142 128 37 102 184 111 103 174 37 133 103 43 118 189 118 111 116 111 120 109 38 131 45 121 114 132 117 103 139 176 118 141
116 106 143 116 106 116 167 158 164 57 143 153 188 164 130 103 107 119 106 18 66 116 102 128 153 99 102 137 66 118 109 102 118 137 2 106 106 128 50 11 116 102 106 106 1 116 26 81 106 157
22 47 105 47 48 43 22 113 111 113 112 99 118 105 105 145 165 21 120 41 164 22 109 112 105 165 62 105 108 164 85 137 9 164 99 193 21 112 22 109 108 22 102 21 22 165 112 74 123 109
144 133 102 168 10 130 85 169 61 4 102 186 102 85 19 166 190 46 102 106 131 121 78 102 59 109 102 174 130 120 110 189 105 19 102 102 102 102 184 102 107 125 136 102 113 133 130 174 169 128
103 102 6 23 106 103 82 117 82 103 102 105 100 141 111 103 103 103 102 104 142 103 131 115 103 106 123 102 100 106 55 108 117 106 174 199 103 129 88 103 111 118 120 103 102 117 103 103 105 100
111 163 103 123 159 106 109 149 146 129 109 9 110 124 33 106 165 197 139 152 104 183 174 30 84 118 172 15 127 116 84 86 20 32 32 120 154 137 32 13 106 22 115 84 152 120 84 116 109 120
125 102 2 103 136 74 105 105 105 103 109 114 152 174 105 114 92 114 105 130 102 35 185 112 120 105 130 75 105 128 108 105 105 114 105 105 103 123 104 105 114 103 105 103 109 114 114 92 114 123
110 109 104 100 109 102 103 114 139 103 27 104 118 102 102 114 130 137 104 126 110 103 57 108 102 198 134 115 103 118 118 108 103 104 108 109 93 122 102 118 110 130 103 141 171 44 102 130 115 162
113 113 97 119 131 15 161 163 103 192 143 186 145 17 168 107 77 147 104 132 136 102 104 132 104 132 163 132 104 16 17 109 191 102 103 113 88 134 132 187 119 132 109 103 146 85 107 110 102 132
103 109 103 180 109 105 128 124 107 123 108 179 109 109 53 181 111 165 1 109 98 103 109 91 108 103 41 108 105 179 105 166 115 109 30 108 108 105 123 113 166 28 128 157 157 27 135 135 103 112
117 104 106 174 103 129 174 143 102 174 168 51 63 108 115 155 168 131 113 103 182 160 49 174 179 80 130 145 111 174 107 105 105 109 143 130 174 50 76 110 49 102 129 108 109 143 109 106 103 163
110 103 157 152 102 103 113 102 99 114 105 4 15 162 103 102 102 102 132 102 97 103 109 103 102 128 110 116 170 57 116 104 103 162 132 132 162 184 115 118 102 103 103 103 157 102 131 102 122 55
121 120 177 28 120 112 127 100 142 120 112 123 120 19 141 11 120 112 102 81 120 185 123 159 112 104 136 107 129 139 124 102 104 82 171 186 147 9 141 100 120 107 1 120 16 125 31 157 170 125
128 112 103 107 102 112 104 177 112 102 196 103 47 117 117 102 103 103 121 102 103 150 199 104 103 56 128 102 160 137 108 57 102 128 103 64 102 144 121 103 103 188 3 121 103 14 103 128 103 103
1 1 109 104 112 178 102 186 150 103 102 121 102 103 1 68 115 145 1 104 83 145 158 1 145 97 70 102 175 104 102 128 149 115 166 102 78 162 111 104 159 104 119 4 134 103 1 4 159 199
112 112 113 80 106 103 123 147 108 113 105 117 104 155 141 113 91 130 102 106 102 132 112 106 128 105 153 48 116 178 103 134 197 65 100 106 113 111 113 28 109 106 139 144 113 100 189 81 103 28
118 118 129 88 192 122 54 102 105 102 191 107 150 103 109 103 129 118 84 168 129 110 103 2 106 108 116 136 191 129 17 103 105 105 107 106 129 150 105 108 160 129 109 103 70 105 105 105 2 110
142 134 114 102 148 83 120 176 120 110 103 102 134 147 134 103 152 110 147 103 102 120 110 110 103 102 134 141 120 102 134 134 134 134 134 109 110 102 152 124 54 34 103 119 142 154 141 137 134 134
80 194 122 105 112 29 102 107 111 132 105 19 115 109 112 199 155 102 102 111 105 111 102 109 84 105 102 104 111 109 105 122 50 102 90 105 111 162 104 111 174 172 108 153 48 34 102 102 189 109
134 171 103 110 146 116 9 106 106 102 144 106 160 46 102 132 106 164 164 116 71 106 160 115 37 129 71 6 110 106 148 102 106 106 116 103 160 106 106 137 106 181 147 147 109 102 116 3 106 10
142 194 161 113 131 182 111 152 1 18 185 183 1 179 48 109 112 17 27 104 175 107 166 1 82 179 167 13 1 112 10 113 109 193 142 136 39 161 12 120 170 65 116 121 179 1 39 118 183 115
112 193 35 46 127 102 110 1 127 191 193 139 103 83 165 116 102 106 111 127 102 86 103 107 103 56 103 110 147 165 107 103 109 158 102 103 153 103 140 153 102 103 102 2 127 177 112 50 115 102
181 80 95 156 106 112 117 84 38 181 114 112 106 40 38 114 127 45 145 104 127 194 128 102 181 114 112 181 36 181 102 114 113 161 104 56 114 136 136 118 59 36 80 103 138 181 181 114 56 59
106 106 109 106 106 90 112 123 151 104 106 133 106 74 148 117 90 35 20 115 114 109 74 133 133 107 43 115 106 148 106 108 18 3 129 102 53 26 114 121 125 199 106 106 129 109 180 90 51 108
149 143 104 182 88 79 116 116 31 102 120 39 111 120 104 143 113 104 128 102 170 119 191 23 102 120 103 116 132 191 102 113 116 23 143 116 103 128 181 102 116 181 103 112 103 119 176 175 103 104
105 132 103 103 65 147 29 71 130 110 105 103 30 176 185 103 103 106 105 103 102 103 116 45 105 110 108 179 102 130 103 39 196 81 108 143 70 105 105 106 106 106 105 102 23 23 103 108 176 39
105 136 140 103 109 102 183 103 106 17 191 60 136 96 43 129 103 103 128 150 128 103 129 100 103 182 109 106 103 32 19 145 136 102 102 129 106 145 102 128 102 103 157 149 103 131 103 160 103 103
49 153 80 177 88 167 120 111 103 104 33 138 103 11 95 176 111 148 65 9 105 26 9 139 112 123 128 123 111 116 105 114 17 123 104 104 197 117 111 160 104 157 117 111 141 160 124 104 117 103
110 62 109 117 143 103 128 107 110 109 130 157 111 103 103 110 128 137 185 103 103 131 128 140 143 102 110 106 102 100 102 116 106 117 3 102 158 103 140 110 103 140 103 112 117 103 102 102 119 106
137 192 5 125 115 106 102 123 161 181 106 106 69 114 183 106 111 125 63 106 106 72 140 106 84 125 137 106 106 102 106 106 48 106 142 102 88 84 122 102 119 102 106 102 102 30 102 102 137 102
114 114 114 102 103 106 114 127 16 114 102 102 95 102 128 106 102 114 102 106 102 102 102 122 114 9 117 114 159 102 127 4 114 102 102 114 102 102 31 70 114 114 114 102 162 102 142 114 102 84
128 50 107 134 106 107 105 85 157 131 109 175 190 113 128 128 104 128 107 197 186 130 109 189 114 155 106 103 1 161 1 23 191 105 4 5 103 112 57 133 103 125 102 157 80 112 107 7 109 45
144 65 143 107 177 129 102 124 102 111 40 52 110 119 103 20 38 152 116 110 116 146 115 102 115 106 116 103 103 186 103 144 43 110 100 38 105 106 102 115 166 65 102 143 103 172 75 191 124 112
121 153 11 106 175 154 50 116 127 187 36 105 106 160 103 102 102 37 106 104 106 125 106 104 130 29 188 104 106 138 128 129 29 192 121 22 106 102 122 102 104 106 121 102 102 141 104 142 156 72
123 109 113 178 104 112 123 43 1 140 66 103 102 103 161 2 100 102 57 102 110 122 112 102 103 66 1 175 132 83 123 104 103 110 1 26 122 117 1 36 105 24 103 22 37 118 89 102 110 102
141 105 105 38 133 105 108 105 116 143 105 13 192 105 108 167 102 106 105 103 105 192 167 172 105 147 127 167 105 105 112 147 102 108 102 125 112 105 123 108 105 119 55 135 116 19 105 105 102 108
105 117 108 102 29 23 102 132 122 106 117 171 132 132 17 112 102 132 23 104 68 112 132 27 50 132 1 132 132 132 161 104 132 145 105 23 117 20 125 24 161 23 132 102 117 127 149 70 102 102
60 30 195 104 157 106 47 109 105 106 156 145 107 87 103 111 107 194 119 157 107 110 106 39 181 109 197 106 87 107 47 109 128 107 107 194 163 163 197 106 27 111 102 164 134 109 174 26 110 60
138 186 177 148 109 103 42 63 128 152 107 109 103 1 103 176 150 160 8 103 153 95 109 137 134 150 185 150 136 64 14 109 107 136 150 133 73 107 161 1 104 8 172 180 103 142 150 117 17 106
152 145 105 30 124 103 145 148 192 15 102 145 104 123 110 124 107 150 105 145 71 110 102 105 140 102 110 134 127 19 107 150 155 110 194 150 150 107 19 126 105 105 106 126 145 17 110 129 194 92
181 50 57 106 106 106 102 103 105 134 125 124 102 102 106 102 49 102 112 106 106 134 19 144 97 102 104 102 106 138 143 102 128 106 106 108 103 103 102 119 106 155 106 102 117 107 111 127 147 102
113 105 124 117 118 129 176 105 105 110 118 118 42 31 123 57 176 153 105 103 102 127 110 110 195 26 110 103 168 176 124 105 34 164 125 104 31 176 57 163 103 103 42 110 168 26 124 19 97 105
169 115 105 102 128 110 66 105 182 102 184 105 105 102 54 42 77 189 104 111 77 53 57 102 133 106 105 110 109 106 108 105 105 105 106 115 16 106 108 103 102 177 189 105 103 106 105 122 142 110
106 103 108 110 132 106 103 107 107 113 107 107 103 98 132 98 103 98 107 104 176 106 64 106 136 107 103 29 120 120 107 107 124 20 103 106 120 143 133 91 113 177 185 107 103 198 106 126 102 54
111 105 108 156 30 102 162 102 104 161 105 38 105 102 34 102 103 147 102 113 102 104 105 26 104 144 102 147 39 20 113 112 105 38 24 156 18 181 104 124 118 104 117 38 113 103 120 111 110 103
102 72 14 140 102 78 108 108 121 104 104 195 102 121 103 108 109 140 98 80 180 102 149 159 159 106 159 42 104 19 94 103 171 159 102 198 154 107 131 142 103 85 189 159 140 103 120 195 155 107
124 102 107 142 141 104 22 119 107 102 124 141 102 102 104 111 187 108 170 104 111 104 119 104 119 88 104 118 104 104 102 102 119 134 144 170 104 104 102 102 141 104 104 104 19 142 104 102 106 124
104 113 163 103 102 102 131 105 66 110 113 105 116 154 187 103 115 102 161 102 113 104 104 61 113 102 111 103 113 111 102 111 104 103 40 23 104 104 104 104 113 104 104 108 102 100 102 104 102 104
113 103 105 111 106 121 116 105 103 193 103 105 122 105 187 106 12 106 108 143 53 106 123 103 112 106 112 131 53 106 106 120 109 108 103 111 106 106 124 47 103 113 146 119 122 106 53 105 103 111
107 103 1 103 115 108 108 103 108 145 108 191 186 108 182 120 13 192 52 108 102 103 108 103 107 108 115 108 28 103 115 103 50 115 115 115 103 108 108 108 103 103 103 103 118 197 199 108 108 108
102 104 15 184 103 108 103 173 199 12 32 118 103 103 118 108 103 1 188 117 103 145 187 108 103 199 108 124 48 103 94 60 27 108 117 10 102 30 112 134 102 103 196 152 102 108 108 50 95 103
102 74 118 104 102 1 132 1 118 1 132 123 1 197 132 104 106 1 118 106 42 102 1 161 132 188 102 102 118 1 106 106 1 128 139 102 124 104 102 1 118 1 103 100 1 193 1 104 1 102
105 107 161 84 178 102 75 105 102 102 108 139 161 26 102 102 102 105 117 107 102 81 107 33 136 143 102 107 110 55 108 111 174 53 19 137 107 107 102 51 102 166 105 108 138 54 42 98 102 102
156 131 189 136 1 122 199 114 135 106 149 110 120 108 108 108 174 131 132 111 106 50 187 106 129 106 111 90 39 145 114 147 119 109 30 110 188 181 82 102 102 111 130 50 145 102 110 106 108 162
105 103 110 130 119 20 130 118 110 148 105 115 124 119 73 110 130 78 130 110 8 155 108 174 130 12 113 11 181 106 163 110 130 165 102 193 165 124 119 110 127 103 112 113 112 121 103 128 130 130
145 122 104 111 107 122 36 102 110 119 152 102 102 102 104 130 186 104 135 23 122 154 152 104 122 102 104 122 104 122 102 104 102 107 102 130 78 130 102 102 110 145 145 189 145 104 119 2 104 165
112 35 125 151 110 104 36 112 112 67 120 106 196 70 105 125 60 105 77 125 71 53 70 191 104 77 128 32 53 105 138 86 104 89 106 71 104 40 106 138 134 104 131 104 72 112 125 125 149 125
129 102 62 135 134 158 118 112 133 121 146 188 102 187 133 102 108 120 116 183 188 182 188 59 148 134 172 110 121 114 121 121 174 41 115 121 112 139 121 98 96 120 75 178 102 135 110 102 139 107
126 104 104 98 104 132 140 102 26 112 138 159 103 103 161 102 11 40 102 104 112 122 103 104 160 103 119 21 104 105 102 196 102 122 117 103 102 112 160 71 70 17 102 102 104 133 160 112 103 168
132 118 118 165 120 104 104 131 159 90 113 44 107 154 104 104 105 179 89 105 104 108 3 150 176 105 134 73 103 148 72 83 45 105 117 118 105 126 112 40 105 119 150 40 111 69 102 132 110 137
102 112 102 104 104 31 112 104 102 126 102 102 163 104 167 105 116 167 106 104 128 102 104 104 102 125 104 104 102 141 104 104 104 131 102 104 131 104 102 102 132 131 102 104 102 73 103 19 22 1
126 102 154 121 110 111 154 95 144 116 111 42 121 41 112 126 110 103 183 154 103 29 154 105 110 107 130 117 103 103 107 103 74 103 112 111 149 103 116 154 103 111 154 111 154 102 155 106 188 110
112 84 106 104 60 186 106 54 103 153 110 59 88 106 110 60 106 106 192 109 118 44 126 104 89 148 60 103 119 163 60 102 106 104 172 175 109 106 199 59 124 61 186 104 60 111 121 143 103 121
116 102 102 102 122 122 102 122 102 122 122 103 104 122 102 102 102 102 122 122 102 117 122 106 77 102 102 164 102 24 86 122 102 90 102 195 197 102 102 102 110 165 122 102 122 122 124 122 102 102
103 186 154 111 186 104 103 107 102 107 102 104 111 186 72 102 102 104 104 102 102 70 21 133 186 186 152 186 186 51 43 186 102 72 169 89 102 102 107 186 102 102 186 107 186 102 186 104 104 102
11 173 123 188 45 103 105 41 105 103 165 59 105 116 103 110 105 131 145 51 103 104 145 116 111 105 107 186 104 173 129 105 126 105 68 23 87 104 85 51 22 109 138 118 105 106 107 22 105 51
149 104 121 90 107 141 186 142 124 125 105 104 129 149 102 106 138 27 89 59 148 121 108 186 107 164 152 45 151 123 19 102 129 80 124 32 126 121 186 147 119 132 139 121 91 102 118 44 107 149
103 20 121 122 118 121 199 108 34 118 54 98 114 114 110 108 114 32 121 141 114 139 73 107 121 195 102 125 107 54 118 154 114 104 103 118 125 114 122 118 104 73 124 122 168 161 103 109 112 107
102 106 107 106 102 106 7 116 114 106 95 106 73 86 145 121 117 148 18 102 45 106 17 4 124 11 82 124 133 106 106 106 124 102 106 106 86 103 68 125 8 102 106 150 1 102 102 146 102 45
133 181 110 124 81 167 74 88 102 155 47 115 128 74 66 166 118 105 115 48 110 14 109 151 155 100 50 109 94 172 110 89 183 102 116 115 98 72 105 110 74 100 129 37 85 9 155 114 15 93
102 103 7 78 87 103 105 100 130 31 124 105 130 116 106 106 71 33 108 181 103 106 103 130 105 110 116 110 80 102 130 105 102 100 104 106 50 106 130 48 106 103 103 102 102 103 110 106 152 103
