103 111 79 22 21 120 21 132 170 140 154 133 110 56 102 124 192 79 111 124 93 107 172 166 155 29 111 103 108 133 107 74 111 102 109 111 34 119 100 89 102 126 107 123 139 163 122 112 58 140
107 112 102 119 103 109 145 102 25 102 114 75 106 119 102 141 191 109 126 7 7 107 104 109 24 102 175 102 133 102 104 103 109 173 102 105 106 110 104 40 102 105 6 43 170 109 87 102 5 106
113 107 189 104 151 104 20 104 60 104 51 150 115 103 102 107 124 104 107 107 102 107 186 107 179 123 146 4 119 102 125 107 107 102 102 106 107 133 104 119 115 107 124 131 173 152 102 104 152 104
117 138 146 105 135 120 92 103 33 117 146 112 114 189 159 107 104 106 139 114 172 172 168 124 146 104 147 148 111 61 88 106 112 143 105 146 114 107 80 51 139 107 73 122 148 106 117 183 117 56
24 140 178 97 62 50 108 51 25 108 177 174 143 135 137 112 106 151 153 110 174 24 116 122 174 119 116 96 23 134 138 84 112 129 162 108 143 112 133 106 102 67 107 50 102 104 168 175 103 135
107 32 112 105 140 96 122 118 48 107 135 190 102 108 98 116 96 122 108 186 112 109 105 122 116 102 122 122 133 9 165 109 106 145 124 102 102 116 105 75 152 145 108 103 96 103 57 107 107 105
165 104 191 110 102 89 190 104 146 103 135 102 135 135 102 135 135 164 102 110 35 135 126 102 135 103 165 135 107 102 102 135 135 34 135 115 135 135 135 137 135 135 135 114 103 102 102 168 102 135
102 102 119 170 165 103 167 166 102 102 143 170 103 116 128 131 109 104 170 151 109 106 74 103 128 1 170 109 170 102 145 170 128 170 170 170 103 170 170 102 103 19 170 102 109 170 102 109 170 104
194 104 85 138 104 104 104 121 173 155 28 104 58 104 103 102 102 105 1 104 104 47 150 148 194 111 121 102 58 166 103 155 45 103 104 81 186 150 104 104 107 146 158 105 92 16 30 103 156 121
104 107 90 109 104 139 118 5 178 13 1 112 139 107 57 118 113 151 138 5 54 139 109 5 5 115 104 194 189 102 7 120 100 103 139 133 109 104 130 107 111 180 109 133 30 158 140 139 100 107
145 104 30 147 118 30 151 118 171 64 52 103 118 106 132 103 106 110 49 108 99 118 151 102 97 118 48 104 147 147 103 126 102 119 141 103 118 114 105 111 103 131 141 147 170 106 103 118 103 118
105 42 104 102 58 105 137 111 105 104 129 112 104 102 102 86 102 102 109 104 102 112 104 127 102 89 104 104 33 137 104 104 19 102 104 107 137 107 105 178 33 102 105 178 102 128 102 105 104 137
102 53 5 102 103 102 116 108 136 102 20 124 108 100 106 113 107 106 106 106 145 106 130 74 102 109 146 106 43 124 116 105 104 195 106 145 144 102 125 102 107 132 106 100 119 106 106 106 111 106
108 123 168 78 103 85 102 122 106 146 132 106 106 40 105 117 105 104 102 112 43 106 103 157 102 102 106 106 112 103 102 43 106 103 173 106 108 105 123 106 106 136 177 103 168 106 123 104 106 168
168 109 68 103 151 151 105 168 53 109 7 57 102 105 102 44 102 151 15 102 168 110 109 102 104 194 114 168 199 103 168 168 106 109 105 130 156 102 169 157 168 25 56 168 151 131 105 105 45 104
94 1 110 103 79 122 102 105 76 120 2 1 103 119 122 110 115 100 55 102 172 119 108 120 184 110 114 158 88 111 184 23 84 184 105 105 184 168 105 135 119 61 181 103 112 160 34 105 102 85
27 97 24 185 133 121 113 39 165 129 121 110 61 60 155 133 98 132 133 115 7 116 98 190 97 185 117 22 198 122 98 183 3 107 183 170 170 106 183 93 94 109 106 133 116 183 133 141 40 190
108 133 133 102 102 102 108 1 118 133 102 133 112 108 108 108 108 113 102 108 143 118 109 159 102 31 102 102 102 103 93 102 102 102 108 133 110 102 146 102 102 195 185 108 93 106 108 116 102 108
126 105 104 102 97 112 136 104 102 165 130 104 115 21 133 102 32 104 113 105 102 115 128 105 104 102 156 102 21 110 103 103 104 156 113 24 104 159 102 102 132 116 112 130 141 130 21 104 21 104
97 117 151 110 45 111 121 54 153 195 61 111 112 111 90 168 61 192 110 109 122 192 4 136 153 110 197 109 121 109 103 126 108 138 4 88 4 170 109 183 150 162 116 192 120 106 121 16 43 150
186 120 117 106 157 174 119 97 106 181 96 125 177 134 46 63 118 53 100 151 109 100 100 109 102 178 150 113 126 103 106 106 188 187 119 188 188 106 144 115 127 118 108 109 30 151 106 17 109 151
103 103 103 102 135 72 102 103 126 53 79 55 103 111 103 104 108 187 102 103 164 193 111 128 57 136 108 108 17 130 103 63 183 56 34 102 106 162 104 150 53 108 137 163 128 163 123 103 103 114
105 134 105 87 102 105 102 105 138 102 78 122 136 111 103 11 102 102 118 47 116 105 107 155 105 102 182 112 102 155 102 138 78 105 105 183 129 105 135 105 105 105 105 105 155 114 105 31 105 114
109 12 102 149 19 107 107 102 156 102 102 120 37 102 102 4 96 176 107 107 40 126 143 102 102 61 102 171 139 167 107 61 140 102 130 108 109 100 102 107 149 107 116 102 70 132 127 102 107 102
104 100 76 142 106 50 108 105 161 118 64 117 110 134 50 138 98 161 120 138 7 102 102 134 64 104 143 105 50 99 109 50 130 108 195 29 134 44 120 110 106 112 109 50 117 121 181 106 104 83
105 142 18 170 124 124 184 18 103 65 102 144 124 124 127 26 102 124 36 182 124 166 102 102 173 111 102 102 114 102 124 122 36 157 71 156 124 71 64 129 103 40 103 182 105 124 37 184 28 124
105 102 103 108 1 102 115 102 102 102 102 103 102 103 111 114 105 106 103 43 130 106 102 127 138 102 30 148 103 103 103 102 103 106 103 102 108 102 102 107 176 107 103 106 102 103 103 106 109 103
135 112 134 105 119 81 108 102 119 105 169 102 110 41 135 119 102 143 164 105 102 119 102 117 105 102 117 155 104 102 117 95 105 124 155 130 102 43 118 105 102 135 135 81 21 135 106 105 81 135
103 103 157 106 171 103 107 103 123 102 152 102 113 103 123 138 160 136 48 12 115 116 153 103 60 183 102 102 144 157 103 195 109 102 102 181 57 125 103 103 120 97 117 161 112 102 105 155 93 102
109 104 103 48 106 8 103 103 29 170 105 139 75 174 102 106 11 168 104 102 193 104 191 104 103 104 132 106 102 105 103 7 106 102 109 105 105 104 105 103 109 102 109 127 109 105 102 104 103 103
102 104 111 104 82 106 102 102 104 104 104 165 33 104 104 151 102 89 151 104 104 189 116 104 62 134 98 104 137 151 59 104 151 151 102 104 33 104 134 104 102 104 105 102 103 151 90 122 102 189
140 112 105 54 114 104 103 140 103 105 94 103 173 158 109 111 105 20 108 117 104 114 34 198 103 114 100 175 140 104 106 104 104 63 32 111 117 105 137 123 104 103 104 111 146 147 13 112 47 158
102 105 104 183 131 41 131 38 104 1 121 103 11 110 105 120 105 110 161 133 119 120 104 154 137 1 105 119 40 104 102 154 110 110 186 105 114 131 94 112 102 104 105 189 110 103 189 104 121 104
104 116 103 144 103 102 6 153 144 136 115 6 102 103 102 6 146 108 108 112 102 125 152 141 180 17 47 106 133 102 66 72 102 102 133 103 103 103 72 146 173 113 103 133 103 1 68 102 68 104
108 104 128 184 102 78 102 102 108 108 195 104 192 116 108 139 139 102 108 153 102 184 102 118 27 108 108 144 127 108 108 63 108 102 129 102 102 108 53 193 108 151 102 102 114 124 108 85 108 102
108 116 106 102 102 134 102 106 106 106 106 168 110 102 178 106 102 106 115 110 106 106 102 102 102 102 106 104 160 2 141 102 131 141 116 106 130 102 118 179 102 102 102 106 104 189 140 189 106 106
106 119 121 106 152 98 107 139 102 9 135 88 102 167 119 134 113 149 52 102 102 163 119 53 154 102 134 107 146 17 111 102 139 50 102 117 163 139 112 120 102 102 90 119 119 105 121 10 102 153
114 143 21 114 111 165 58 60 105 105 111 130 104 105 125 103 142 16 57 21 109 104 111 105 105 95 27 158 18 116 113 103 1 1 60 113 104 24 103 119 104 103 105 1 185 1 125 39 106 104
143 122 26 21 105 116 102 20 183 56 123 111 123 123 87 102 115 158 123 116 122 107 123 108 157 147 49 123 108 105 125 116 106 123 102 102 52 123 175 106 102 161 103 128 123 126 149 107 123 123
106 116 140 103 29 1 153 10 106 106 116 116 10 174 60 132 114 3 163 103 100 146 116 53 122 116 117 147 153 146 107 78 116 103 141 114 53 153 105 116 106 104 21 144 132 103 150 121 129 53
136 106 122 103 105 100 70 102 100 111 100 100 102 100 102 102 1 111 120 120 95 118 102 121 102 109 118 100 111 1 167 111 109 116 100 179 5 104 179 5 100 111 113 3 100 100 70 100 140 111
131 110 47 88 104 110 110 12 104 110 123 158 110 148 144 123 110 144 108 110 23 110 102 110 110 105 108 108 104 32 110 110 136 119 123 71 102 123 110 102 123 102 102 110 110 77 30 102 136 45
102 109 103 121 7 134 103 114 189 123 155 136 103 70 103 192 103 102 166 68 103 70 137 106 103 117 114 129 119 28 81 136 136 102 123 103 119 196 119 135 119 150 189 128 19 106 102 136 148 155
106 133 121 104 110 1 104 104 118 142 104 16 102 140 133 107 118 129 106 102 140 69 106 103 72 184 45 21 131 127 149 16 133 108 105 140 133 114 142 133 106 84 133 117 105 107 195 117 125 133
50 199 195 121 104 157 18 103 121 142 147 114 121 115 177 56 121 121 125 121 56 125 24 174 119 147 114 104 102 142 23 125 108 49 120 28 121 134 107 142 104 134 107 33 175 108 121 20 112 134
102 102 89 150 102 112 28 193 29 104 166 103 112 114 152 66 120 102 179 102 177 102 120 103 104 113 103 21 104 41 103 102 170 104 107 103 103 102 131 104 186 102 177 112 124 112 82 114 102 112
103 103 78 107 147 121 153 103 102 102 102 102 156 102 103 47 102 102 105 107 104 75 151 103 102 102 103 1 102 102 102 102 103 30 102 175 103 103 107 103 119 125 186 103 103 151 102 123 103 103
121 105 139 133 115 114 1 104 134 115 108 115 164 115 115 25 108 113 178 190 114 100 106 117 108 110 139 162 162 107 50 133 103 146 115 139 139 115 78 47 104 107 103 106 120 107 125 102 59 166
106 52 6 127 199 106 106 102 109 108 67 115 115 106 108 188 132 81 106 102 104 1 106 139 73 7 102 108 108 29 108 127 127 44 106 102 52 70 102 102 95 115 199 119 164 47 28 109 108 165
107 105 107 115 39 103 102 20 115 22 105 116 66 115 160 107 105 129 121 102 137 107 65 105 136 56 51 104 133 105 105 112 159 34 105 107 102 107 105 117 133 113 118 112 103 102 123 51 61 105
105 129 103 123 139 117 153 102 87 23 60 104 104 111 60 105 104 104 104 37 102 42 102 102 120 104 104 102 129 102 118 60 104 139 102 173 28 168 45 117 102 102 25 105 104 104 124 26 146 14
104 119 105 123 176 104 67 109 104 104 34 28 106 128 143 122 113 12 180 138 122 106 106 117 113 113 122 138 102 138 104 142 104 104 172 122 113 113 113 113 151 113 121 113 104 23 113 176 103 123
105 115 106 116 165 115 178 105 106 85 150 121 106 133 105 112 102 176 150 133 125 161 105 121 115 27 102 133 164 133 114 138 110 165 181 178 128 105 133 121 159 105 106 114 108 102 129 121 102 118
105 172 126 102 172 133 4 128 107 107 172 133 151 107 118 107 108 104 137 105 105 128 107 107 114 130 115 172 117 102 105 103 107 106 106 151 187 107 105 172 69 105 125 107 118 119 126 117 124 50
106 111 111 137 5 36 112 185 73 104 104 103 174 105 87 103 103 106 194 169 168 127 5 6 162 104 104 108 166 106 105 30 108 133 34 24 108 97 110 108 130 65 111 103 122 104 117 71 119 142
116 127 153 129 6 104 185 21 104 123 131 66 98 133 162 125 104 123 111 104 21 73 129 133 166 133 104 125 129 129 196 113 113 102 163 104 98 125 39 22 102 129 104 102 127 27 129 185 26 129
104 133 109 54 111 104 150 104 129 86 102 109 40 107 109 104 104 104 109 104 130 104 162 107 103 102 23 173 182 103 102 103 7 106 104 135 102 119 108 104 86 35 102 151 103 124 106 106 104 106
102 113 108 103 104 20 102 122 108 104 149 94 108 119 104 106 195 102 108 103 176 66 116 102 106 108 106 106 106 102 110 102 106 106 107 102 139 108 145 102 27 112 112 123 102 105 106 108 104 103
106 124 105 106 97 106 129 102 135 197 181 45 102 107 106 109 116 45 124 30 51 176 102 109 114 96 176 147 65 129 45 135 186 171 105 152 105 106 121 141 111 182 103 164 38 105 107 176 21 109
108 107 8 104 107 144 111 171 191 112 196 186 111 19 108 119 104 104 112 115 148 170 112 104 111 146 102 179 104 104 52 41 167 42 140 104 111 108 104 161 164 104 104 149 166 112 108 104 1 104
102 111 106 121 65 142 141 121 102 3 102 103 111 104 111 145 126 136 111 111 139 50 150 114 38 150 111 111 111 122 103 111 103 132 111 141 157 103 125 117 99 172 76 111 102 109 152 150 111 109
164 113 128 165 169 128 102 103 125 146 102 129 160 104 132 103 67 155 145 106 102 102 135 102 60 104 177 106 103 102 60 157 113 118 8 183 135 113 157 128 120 188 105 160 127 103 105 113 102 106
37 3 110 103 127 186 132 21 3 152 37 103 56 106 23 91 102 118 185 186 112 127 127 106 106 156 129 141 129 115 186 127 186 111 127 152 127 51 138 88 127 127 150 106 127 127 145 137 4 1
111 72 125 100 6 104 192 104 103 70 119 129 104 114 102 129 115 125 102 39 132 104 129 6 166 129 157 102 142 108 124 178 104 86 104 109 115 27 131 103 100 102 31 103 104 114 23 23 125 39
130 102 175 116 102 100 134 107 103 157 2 193 134 105 100 100 103 25 103 103 157 131 102 110 102 158 154 180 117 194 192 126 116 102 25 103 107 102 164 102 102 157 102 108 103 103 102 116 199 42
107 107 107 107 145 114 124 124 160 102 70 107 124 66 102 102 151 3 107 151 102 107 181 107 107 40 107 107 107 107 114 115 102 102 109 107 107 134 122 105 102 107 11 107 156 49 102 107 102 107
102 178 119 102 102 198 156 107 112 104 118 178 58 103 117 104 172 121 102 112 194 102 106 106 104 119 152 142 106 127 146 1 105 104 102 24 119 42 145 112 1 131 42 148 103 121 105 106 102 142
105 3 13 103 190 105 104 129 129 102 105 110 129 11 117 129 103 113 135 135 105 11 113 19 124 150 129 105 105 74 105 129 78 106 106 132 104 45 129 197 103 167 104 117 129 105 103 127 44 104
118 105 105 144 107 119 102 114 6 160 104 110 6 104 52 123 108 150 171 4 135 104 18 18 123 18 171 108 106 105 158 134 110 140 30 120 108 171 107 167 104 114 44 133 109 144 112 105 103 112
182 104 110 173 105 128 75 118 154 105 24 105 113 102 182 111 105 111 21 104 111 130 118 111 171 21 102 108 21 60 100 104 113 107 198 132 102 175 87 130 138 118 102 146 123 33 118 85 19 102
110 173 106 130 118 136 104 110 124 116 104 130 130 102 81 121 69 116 156 1 112 32 113 20 162 104 115 103 116 112 104 116 110 28 128 130 59 106 116 142 135 95 42 143 104 25 102 125 143 116
115 61 107 103 65 109 104 107 153 73 108 107 103 104 147 134 103 104 111 108 104 108 131 58 193 104 103 73 107 193 47 148 171 147 119 103 103 47 108 60 148 104 61 151 104 180 107 122 126 148
104 11 10 118 104 114 118 102 118 194 114 199 106 165 104 104 118 118 143 104 102 102 104 104 199 8 118 110 52 117 118 110 153 104 112 104 102 46 118 136 103 77 102 104 52 104 13 107 199 104
103 107 107 104 185 151 107 128 125 62 103 83 114 108 114 137 107 114 103 134 115 109 150 139 109 151 118 43 114 108 125 115 114 124 104 103 108 57 103 107 77 113 115 109 107 92 131 108 49 105
4 165 119 119 13 119 102 75 119 119 102 119 102 119 142 163 102 102 102 119 106 119 106 103 102 103 116 103 164 102 103 102 82 46 131 188 160 106 173 106 126 169 133 102 119 177 120 120 119 102
91 114 103 168 69 134 26 96 102 85 156 144 119 167 109 173 114 156 167 173 115 167 119 104 114 114 104 104 115 135 144 109 115 109 115 112 109 104 167 26 109 115 122 138 68 132 109 109 109 109
109 111 104 103 105 1 102 111 103 185 109 103 108 199 103 59 105 104 5 6 1 108 103 122 108 107 103 86 57 122 107 105 115 13 109 120 103 59 15 56 128 30 116 108 116 163 104 112 108 89
102 102 104 104 106 102 50 127 112 102 104 39 102 104 103 104 105 102 107 104 39 102 102 35 108 154 114 102 104 111 102 135 102 107 112 104 104 17 114 102 118 104 145 102 168 111 143 102 111 102
104 50 109 104 105 183 103 105 105 102 104 103 80 105 105 102 102 189 103 104 103 128 189 105 128 104 103 161 105 105 104 41 104 104 104 104 102 104 105 145 105 105 198 121 105 109 120 182 103 9
83 144 28 103 90 50 162 105 115 43 109 111 117 99 104 65 120 157 106 117 134 102 117 103 106 166 110 115 113 149 115 112 109 116 117 103 105 109 28 115 100 102 111 171 109 106 103 147 171 116
117 138 50 102 116 155 120 102 172 113 141 75 48 120 35 118 102 75 94 132 102 102 37 142 8 138 116 138 128 102 102 128 118 104 116 102 103 107 102 75 51 102 102 116 32 116 116 141 127 89
181 190 145 134 102 102 26 112 112 87 94 100 187 114 193 112 36 165 114 102 114 102 105 21 31 104 103 112 114 121 118 198 181 114 107 104 142 104 114 41 179 112 12 114 114 116 114 104 181 127
103 102 102 87 51 132 84 153 107 125 105 135 113 105 105 174 45 147 103 102 194 52 105 155 105 169 107 105 19 133 107 102 105 172 148 166 107 133 105 114 105 124 105 115 111 111 123 111 19 113
118 7 122 165 118 22 102 14 179 13 142 116 110 153 153 131 84 110 108 179 118 102 43 22 59 186 189 49 198 34 179 116 102 118 137 43 124 188 43 180 120 43 116 125 128 43 37 28 110 192
102 102 174 10 107 133 130 113 174 109 23 195 89 68 107 109 197 142 84 155 155 173 151 89 155 137 113 47 89 110 102 117 89 102 113 89 23 89 181 137 133 109 155 1 155 113 113 155 102 115
103 165 135 116 164 66 110 10 116 104 124 155 135 122 103 116 104 29 197 104 103 179 103 116 96 116 46 103 66 180 109 116 112 89 104 51 158 104 165 96 114 117 116 198 87 116 103 165 116 116
104 105 53 109 155 142 183 163 104 41 41 103 16 141 144 28 125 120 105 126 137 106 151 183 103 106 108 113 138 108 168 134 113 48 135 14 183 161 132 47 104 119 105 183 108 153 104 114 106 153
108 102 134 103 108 103 32 36 151 103 198 103 105 112 133 109 102 182 102 102 182 103 140 104 160 103 166 103 30 125 103 71 114 11 111 114 103 105 21 112 102 114 97 132 109 104 111 140 102 105
67 102 103 104 107 138 105 119 107 105 107 196 121 107 102 127 102 103 103 119 102 105 104 105 104 115 107 110 131 119 119 110 53 35 107 107 107 107 116 95 107 190 102 119 38 123 107 185 107 149
138 26 107 100 57 113 100 100 180 103 144 100 133 103 99 103 107 100 116 103 105 111 25 106 57 138 107 107 103 96 103 100 103 57 111 133 154 168 16 113 138 103 139 37 115 107 99 100 100 107
102 102 102 102 102 102 102 105 102 105 102 1 110 112 102 102 1 102 105 102 105 102 102 36 106 103 102 132 102 105 105 88 102 148 102 118 102 105 105 102 102 102 36 113 114 102 72 103 105 102
165 102 109 113 72 114 48 178 122 114 72 126 77 102 132 54 128 178 178 128 150 155 3 103 122 85 77 77 23 60 77 102 49 107 102 103 178 140 85 112 103 102 102 77 87 102 38 195 151 64
107 83 105 105 102 125 105 80 95 106 146 102 110 103 102 128 120 105 179 109 170 77 115 109 102 110 105 110 108 102 103 29 110 110 55 105 105 124 135 104 124 125 120 148 105 105 135 109 135 125
108 90 104 131 108 141 108 108 143 118 111 103 90 120 1 12 177 106 133 1 111 6 43 122 106 118 170 34 136 108 109 104 106 120 111 108 128 135 6 119 141 143 143 108 146 118 103 156 103 106
111 113 140 139 102 107 124 82 113 116 35 103 179 71 182 105 124 107 86 132 105 59 139 189 113 91 140 106 108 168 110 87 103 124 182 124 92 124 87 155 103 121 164 29 102 25 107 124 166 108
65 105 105 103 119 105 137 104 149 113 125 149 105 109 104 65 103 105 156 121 104 183 195 103 104 64 106 138 103 123 105 104 40 51 54 105 73 104 181 35 195 149 105 103 181 119 105 104 105 104
117 76 53 149 116 108 119 189 66 25 34 162 65 189 149 123 121 105 117 189 123 145 65 135 32 148 17 23 66 91 127 119 53 113 122 111 76 124 132 63 72 116 120 121 117 107 124 66 113 121
102 112 102 22 102 22 169 102 55 106 122 102 104 106 112 107 102 109 106 171 62 103 103 106 106 126 106 119 102 106 195 194 112 102 171 55 102 104 106 112 22 102 102 128 106 108 106 106 106 106
173 148 102 126 59 80 170 78 148 112 134 94 144 40 54 102 79 180 103 124 161 149 1 149 43 83 137 106 113 180 131 136 137 113 143 102 112 111 182 91 118 105 111 136 158 111 169 102 182 118
114 102 114 121 119 119 173 119 159 104 114 175 195 60 108 102 109 121 111 128 134 121 14 114 168 106 114 109 102 103 105 102 102 114 114 110 4 119 109 119 151 103 114 114 119 119 121 114 140 121
