593 598
328 347 396 533
305 312 329 358 363 498 513 542 553
415 528 574 575
347 362 407 420 539 556 573 597
324 343 353 359 374 375 389 463 466 505
354 408 472 480 496 564 574
323 377 598
309 369 394 410 496 539
387 399 423 461 483 530 581
471 568
343 513 598
307 311 315 372 540
375 394 477 541 565
322 368 409 411 429 441 450 453 460 487
362 383 501
321 333 363 384 470 478
517
428 489 595
306 329 357 363 479 544
356 464 498 549 554
406 458
326 330 366 418
309 314 317 321 359 464 489 507 510 515 516 537 592
320 325 346 350 359 365 475 487 489 497 498 540
389 469 505 582 584
463 527 538
337 382 397 417 423 445 494 495 589
424 551 577 582
442 484
304 359 444 447 519
308 327 329 350 354 358 372 382 387 404 413 451 458 469
304 305 309 312 315 323 332 336 348 361 427 432 450 565
423 424 466 471 477 487 509 550 554
346 363 385 439 440 511 531
322 337 349 351 357 405 430 437 464 533
304 310 314 315 317 368 400 405 409 417 459 499 559 573
305 312 333 443 457 548
448 458 459 510
350 376 399 419 452 527 572
424 435
312 321 401 483 525 557 575
307 360 372 389 428 466
324 374 460 516 547
391 435 451 462 483 560 597 598
376 393 441 467 471 498 530 557
370 426 463 557
325 330 389 449 470 475 569
343 444 464 483 490 495 547
331 336 357 492 507 545 595
302 308 336 416 420 515
411
304 327 348 366 373 376 394 438 455 474 526 569 570
302 312 447 514 564
305 306 310 312 322 330 337 367 390 475 484 498
375 391 573
385 426 486 534
346 466
305 306 312 357 394 409 439 449 482 513 519
368 379 381 445 529 568
307 309 329 353 356 462 554 579
309 315 336 376 420 428 468 503 516 528 530 569
359 443 480 584
303 304 305 316 319 327 344 371 385 394 417 437 522 536
400 430 489 491 506 511 521
354 387 397 406 492 515 528 590 598
302 312 406 417 573 595
320 347 392 402 407 530 565 586
389 588
414
339 426 543
303 312 337 366 394 395 405 472 475 480 510 532 556
422 450
530 548
334
308 324 344 350 411 436
412 415 438 573
304 323 352 353 359 372 446 450 473 510 512 569 599
312 317 328 342 417 418 485
320 336 355 365 405
384 388 389 406 414 476 482 502 524 581
321 330 376 428 596
341 356 418 459 475 513 517 540
340 433 467 561 572 573

308 332 383 384 457
372 395 445 467
350 368 382 408 435 450 452 475 544 567 573 579 594
420 426 505 513 598
341 528 531
319 336 379 469 486 529 588
319 356 363 369 396 400 582
304 319 323 328 388 399 430 464 489 492 544 549 568 569 579
415 448 535 557 590
347 401 469 584
313 353 456 462 518 562
305 319 324 327 353 365 462 516 522 524 566 591
326 402 428 441 442 451 452 490 500 534 553
323 331 332 333 334 338 357 361 380 405 406 463 510 548 558 573 596
334 363 411 505
