111 114 135 154 162
160 180 196
107 108 109 111 122 146 147 153 183 184
124
102 106 107 110 111 116 138 149 166 168 170 180 193
107 120 156
167 186
110 127 140 144 153 160 170 174 192 196
111 117 119 128 137 148 167 185
134 169 194 196
123 149 152 159 168 184
104 107 108 114 115 118 119 170 176 182

138 147 149 158 176
132 173

124
133 146
141 156 170 174 175 197
110 113 120 127 131 160 165
110 139 167 174 178
102 108 118 126 131 133 166
114 125 129 145 148 169 187
169 181
119 122 134 140 156 159 171 188
182 198
103 105 110 114 121 133 142 170 176 182
127 153 163 172
114 138 142 148 170

113 126 128 140 159 170 188
115 131 135 142
107 137 151 173
109 153 161 164 174
159 192
140 169
113 122 162
105 113 161
106 136 139 152 192
107 110 148 162 182 185
139
102 121 123 191
146 167 174 185 190
112
106 110 111 115 116 183 197
122 133 180 198
107 112 160 170 176
177
121 164 170 174 179
130 136 197
121 124 137 144 148 156 169 181 186 188
116 154 171 180
103 104 121 158 187
110
169 174
107 108 158
105 108 130 136 141 142 146 148 155 164 174 192
103 107 129 150
106 164
119 135 149 164 181 185 195
111 123 145 192 196
103 113 119 130 137 140 179 190
108 109 132 160 166 167 185
178 196
139 144 145 152 178 187
117 119 188
114 129 147
152 153 171
125
143 180
105 113 114 131 132 154 187 197
140 158 164
151 159
134 157
123 130 135 164 172 175
104 106 131 140 144 156 169 182
140
107 113 118 158 161 162 199
103 107 128 134 140 156
109 111 112 114 118 125 141 160 166 173
102 127
147 180 183
103 111 114 128 166 180
161 166 181 185

107 165 172 196
122 154 158 176 177 184 186 197 198

107 123 124 141 179 192
106 109 110 116 125 126 150 164
103 116 148
119 120 123 131 146 148
118 119 179
103 104 107 109 114 125 129 151 152 160 164 185 188 198
102 114 128 135 137 150 162 172 176 189
102 103 106 108 112 126
105 106 113 120 141 145
124 167
106 162 176 188 193
166 169
