111 154 162
196
107 108 109 146 147 183 184

107 110 116 138 166 170 180
107
167 186
127 140 160 174 196
117 128 137 167 185
196
168 184
104 107 108 115 119

138 147 149
173


133
156 170 174 197
113 120 127 131 160 165
110 167 178
102 108 118 126 131 133
125 145 148 187
181
140 159 171 188
182 198
103 105 110 114 133 142 170 182
163 172
138 142 148 170

128 140 188
135 142
137
153 164
192
169
122

192
162 185

191
185
112
106 110 111 115 116 183 197
198
170

170 179
130 197
144 148 156 169 181 186 188
180
104 121 158 187


158
108 136 141 142 146
103

181 195
145 196
119 130 137 140 179 190
108 185
196
139 152 178 187
188
129 147
153


114 131 132 154 197
158 164
159
134
123 130 164 172
104 106 131 156 182

113 118 161 162 199
107 128 134 140 156
109 111 112 114 118 141 173

183
103 111 166
166 185

172 196
122 154 158 177 186 198

107 123 124 179 192
106 109 110 125 126 150

120 123 146 148
179
107 109 114 125 129 151 152 160 185
102 150 162 172 176 189
102 103 106 108 112
120 141 145
167
106 162 188 193

