105 108 137
108

133

127
103 167 168
102 113 117

149

105


102 122
148
114 119 120 127

104 111 112 124


102 104 114
107

114 122

120
102 107 110 114 117 118 122



105 114 120 133 135
102



106




108 110 111 123 136 137 163
103 104 108



108

106 107
103 104 118 129 142 162

102
106 108 111 117 126 130
113 119 121 122 129
102 103 104 109

107

114
103 105 107 108 111 118
123
105 124 132





103 104 106 117 118
102





107 126
102 103 106 109 115 126
105 107 110





110 113 115 120 121 127
107 112 117 119 129

104 125 130




102 103 104 107
102 106 111 117 124 129


105 111

111 117

109 118 120 168

