329 337



347
352
320 322 323 325 330 332 338 349 355 359 366 387 419 433 538
329 351 360 378 416 454
302 303 307 322 325 360 377 427
302
302 310 315 327 347 357
316 319 366
302 303 305 341
303 304 314 318 326 339 346

302 303 306 313 316 327 330 338 345 350 351 356 360 369
402
312 343 392 441
368 395
304 313 324 325 328 346 349 352 359 363 364 381 396 398
302 305
328
307 310 312 315 343 347 357 369 374 386 424
302 305 314 341 350 388
303 306 315 338 363 368 397 432
302 304 318 324 344 392 401
313 314 366
304 306 310 318 338
338 344 361 366 379
302 303 304 305 307 328 345 361 378 416
303 304 305 311 321 324 329 375 391 422
302 313 318 320 322 325 328 329 331
303 305 311 320 325 331 394 426 436 438
306 315 316 324 325 327 335 344 346 348 350 353 376 421 461 482 503
305 306 309 312 316 323 325 326 355 480 491
304 306 310 311 319 321
313 368
305 309 313 315 317 319 327
302 303 304 305 311 314 322 330 333
367 421 428 430
302 303 304 309 314 335 336 343 352 356 359 360 361 362 369 390 400 406 433 448 526 529
302 318 343 346 367 371 409
304 307 373 377
302 343 358
302 306 307 308 312 324 334 356 378 393 397
304 306 311 327 336 423 464
306 320 410 421
302 305 307 315 321 331 356 360 369 487

310 315 326 335 340 473
315
304 306 307 323 333 334 359 375 392 393 402 414 429 454 524 552
305 308
355 357 377 393 394 419 488
303 304 305 309 310 316 326 342 348 374

302 320
306 341
306 308 327 345 352 357 448 462 481
311 316 326 338 390
308 314 388

305 326 331 334
302 309 311 313 344 361 365 391
303 305 306 307 310 311 312 316
302 307 336 350 374 386
303 305 339
302 322 336 370 374 397 411

303 306 313 315 321 323 331 332 337 481
308
333 343
303 305 315 321 322 326 328 342 372 386 388 402 405 448 458
314
302 303 304 321 342 398
320
304 347 442
303 306 308 344 346 363 368 382

319 357 454
309 397 412 424
303 306 307 311 390
337 342 349
329 339 368
310 314 317 335

358
302
304 305 316
302 303 304 306 307 323
302 305 306 307 314 316 322 339 378 382 383 399 440 447 450 482
302 305 306 308 309 310 333 335 339 340 350 364 424
302 303 304 305 307 310 318 333 335 345 354 360
303 312 314 322 346 370 388 396 399 406 414 430 457
314 325 345 352 358 409 463 525
303 304 307 312 315 316 318 325 331 332 334 348 355 364

320 345 373 382 384 504
314 318 320 329 331 338 342 350 351 357 372 387 402 421 423 427 433 454
320 331
