103 105 108 119 137
108 109

133 136

111 116 127 132
103 133 167 168
102 103 110 113 117 119 146

102 131 135 141 149

103 105 117
125

102 111 122
148 172
114 119 120 123 127 137

104 111 112 119 124 128 133


102 104 114 115
107 111
106 115 117
114 122

105 111 120 121 132 154
102 107 110 114 117 118 122
122
108

105 107 113 114 120 133 135 156
102
106
105 120 122 124 149
112
104 106 107

104
102

104 108 110 111 123 136 137 163
103 104 108 115 147
102 111
103 108 110

104 108 115 120

106 107 139
103 104 113 118 125 129 142 146 157 162 181 182

102 129
106 108 111 117 124 126 130 133 136 153 156
113 119 121 122 129 138
102 103 104 109 130
116
106 107 117 122 132
106 115 116
114 117
102 103 105 107 108 111 118 128
103 105 112 117 122 123 127 164
105 124 132 142 143 149
114 115 156
106 107


141
103 104 105 106 111 117 118
102 109


112
157
111 114
107 113 126 136
102 103 106 109 115 117 120 121 126 131
105 107 110 115


103 111
104
102
103 110 113 115 120 121 127 132
104 106 107 112 117 119 129 131 133 144
118
104 125 130 140

113

104
102 103 104 107 109 118 121
102 106 111 117 124 129 133


105 111 123 136 148
102 106
111 115 117
131 136 139
109 115 118 120 168

