329 336 337 363 403
344
346 355 474
321 341 355 398
338 347 360 404
305 307 309 340 352 367 414
305 311 320 322 323 325 330 332 338 349 355 359 361 366 387 419 429 433 449 479 497 515 538 561
329 351 360 378 404 413 416 454
302 303 307 311 322 324 325 327 329 360 377 427 442 450
302 317 329 331 333 335 343
302 305 310 315 327 334 338 347 357 363 370 395 414
306 311 316 319 326 360 366
302 303 305 307 312 341
303 304 309 310 314 315 318 326 339 345 346 353 424
305 325 330 341 387 390 465
302 303 306 313 314 316 327 330 338 345 350 351 356 360 369 413
303 402
309 312 314 316 322 326 343 354 391 392 397 400 429 441 499 549
319 339 368 395
304 313 324 325 328 334 340 341 346 349 351 352 357 359 363 364 381 396 398 403 416 444 463
302 305 309 338
328 332 346 347
307 310 312 315 321 343 345 347 351 355 357 364 369 374 375 386 407 411 424 428 432 434 454 481
302 305 314 315 341 350 377 388
303 306 310 314 315 337 338 339 363 368 379 396 397 432 466 523 566
302 303 304 306 318 321 324 338 344 348 386 392 394 401 459 493 508
313 314 366
304 306 310 318 319 323 338 340 343
304 318 327 338 344 346 356 361 366 379 399
302 303 304 305 307 315 328 345 361 378 393 416 431
303 304 305 311 321 324 327 329 331 332 356 362 375 376 391 396 422 423 436
302 313 314 318 320 322 325 328 329 331 334 340 341 343 347 405 454
303 304 305 311 312 320 325 331 336 337 338 348 352 394 426 436 438 455 466 493
306 315 316 324 325 327 335 337 343 344 346 348 350 353 358 372 376 420 421 441 461 462 475 482 503 509 534 583
303 305 306 309 312 316 323 325 326 333 347 352 355 379 380 430 463 476 480 491 495
302 304 306 310 311 317 319 321 323 325 332 349 357 373 428
313 338 368
305 308 309 311 313 315 317 319 327 340 380 383 413 420
302 303 304 305 311 314 322 328 330 332 333 338 346 353
337 367 421 428 430 453
302 303 304 309 314 335 336 341 343 352 356 359 360 361 362 369 379 390 391 400 406 409 413 433 437 448 450 458 526 529
302 304 318 323 343 346 367 371 409 516 539
304 307 335 373 377 395 426 440
302 304 332 343 358 373 396
302 306 307 308 312 313 324 325 334 342 343 356 376 378 393 397 405 444 450
302 304 306 311 312 313 319 327 336 342 357 398 413 423 464
306 320 326 334 352 410 421 448
302 305 307 315 321 331 348 356 360 369 375 377 381 449 466 487 492
378
310 312 315 326 335 340 436 473 481
309 310 315 350 353 362 431
304 306 307 311 312 313 323 327 333 334 337 341 359 364 375 392 393 402 414 419 429 454 473 524 552 570
305 308
351 355 357 377 393 394 419 459 461 488 494 510 524 526 550
303 304 305 309 310 316 326 338 342 345 348 369 374 394 435 456 465

302 303 309 312 319 320
303 306 307 313 341 342 385
302 306 308 313 327 345 347 352 357 365 379 419 440 446 448 462 464 465 481 496 538
311 316 326 338 339 370 390 410
302 306 308 314 322 368 388 401

305 306 307 326 331 334 347 364 373
302 304 309 311 313 314 318 344 361 365 384 391 400
303 305 306 307 310 311 312 316 321 332 339 341 397 428 510
302 307 309 326 336 350 370 373 374 386 389 422 426 427 458 497 511
303 305 339 349 361
302 310 322 334 336 360 370 373 374 376 397 411 435
302 410
303 306 309 313 315 321 323 331 332 337 363 369 455 481 536
308 309
309 310 317 333 343 346 374 451
303 305 315 321 322 326 328 342 372 382 386 388 402 405 448 456 458 484
314 322
302 303 304 309 321 342 363 384 398 410 411 498 527 563
315 320 325 326 327
304 313 316 323 325 326 347 406 442 473 487
303 305 306 308 344 346 363 368 382 403 417 451 458 476 488
308 330 337 346
314 319 331 336 342 350 357 398 447 454 469
302 309 325 352 379 397 412 424 432 444 507
303 306 307 311 325 339 360 372 390 442 509 524
316 334 337 342 349 355
329 339 347 349 352 368 385 391 410 466 533 545
310 314 317 329 335 374 421
361
321 326 351 358 360
302 303 309 327 358 359 386 428
304 305 316 318
302 303 304 306 307 322 323 364 370 400 421 476
302 305 306 307 314 316 322 327 339 342 346 368 374 378 382 383 386 399 405 423 440 447 450 468 482 496 509
302 305 306 308 309 310 322 333 335 339 340 342 350 355 360 364 367 369 370 377 404 406 424 426 430 434 439 505
302 303 304 305 307 310 311 318 333 335 344 345 354 356 360 364 410 432 435
303 312 314 322 336 346 361 370 374 388 396 399 406 414 415 421 430 457 462
302 308 314 325 345 352 358 374 409 416 463 469 501 525 540 548
303 304 307 312 315 316 318 325 331 332 334 348 355 364 392
323
320 345 373 382 384 484 504 531
314 318 320 329 331 338 342 350 351 353 357 372 387 390 399 402 421 423 427 431 433 439 454 476
320 331 333 338 342 369 370 493
