315 380 420 593 598
328 347 396 440 533
305 312 319 329 351 358 363 409 411 441 448 450 466 481 495 498 513 542 553 559
387 415 518 528 529 574 575
332 347 360 362 384 402 407 420 425 474 510 518 539 556 573 597
323 324 343 353 359 365 374 375 386 389 463 466 505 517
302 354 366 408 440 454 472 473 474 480 496 531 564 574
315 323 336 377 406 475 521 582 598
302 309 310 326 357 369 394 410 496 503 530 539
314 316 387 399 423 437 461 483 530 539 546 549 581
314 326 401 408 412 447 467 471 476 494 508 552 562 568
329 333 343 407 513 598
307 311 315 319 321 372 428 532 540
322 345 347 375 387 394 418 474 477 492 541 565 573
316 322 340 368 383 388 409 411 429 441 450 453 460 487
362 383 389 428 454 470 490 501 541
321 333 337 348 350 363 369 384 395 427 465 470 476 478
307 353 471 517
310 373 394 428 441 448 486 489 595
304 306 307 329 357 360 362 363 406 415 479 482 520 544
356 364 387 401 423 464 487 498 513 549 554 584
406 410 427 433 458 509
311 319 326 330 352 354 366 409 418 423 440 442 462
309 314 315 317 321 335 356 359 360 386 391 433 464 476 489 504 507 510 515 516 525 537 592
310 316 320 322 325 337 346 350 359 365 396 409 410 414 428 439 475 483 487 489 497 498 514 529 540
312 313 389 433 458 469 505 528 582 584
302 346 424 429 463 527 538
332 337 382 397 417 423 445 494 495 508 512 551 589
338 351 352 379 424 429 431 459 480 551 577 582
442 463 484 575
304 334 359 377 444 447 477 519
308 327 329 350 354 358 369 371 372 382 387 388 404 413 445 451 458 469 561
304 305 309 312 315 323 332 336 348 361 394 427 432 450 504 561 565
313 348 353 423 424 466 471 477 487 509 550 554
346 363 379 385 400 401 416 430 439 440 511 531
322 337 346 349 351 354 357 369 405 430 437 448 464 489 533
304 310 314 315 317 368 400 401 405 409 417 459 499 556 559 573
305 312 333 407 443 457 548
305 315 380 448 458 459 510 525
312 326 336 350 356 357 365 371 376 383 393 394 399 419 452 526 527 558 572
304 313 379 424 435 461 553
309 312 321 325 401 412 440 483 490 525 557 575
306 307 338 342 360 372 389 428 449 454 466 508
308 320 324 354 374 396 460 516 547
305 327 328 356 391 411 418 424 431 435 451 456 460 462 480 483 558 560 597 598
355 366 372 376 393 441 449 458 467 471 498 516 530 550 557
334 360 370 386 400 426 463 481 557
309 325 330 356 389 398 425 437 449 450 470 475 485 523 534 569
343 375 397 425 444 464 483 490 495 547
331 336 356 357 362 392 401 422 467 484 492 507 545 595
302 308 336 347 359 396 416 420 514 515
305 311 339 411 470 517
303 304 323 327 348 358 366 373 376 394 438 444 452 455 463 474 518 526 569 570
302 303 305 312 317 333 338 354 357 372 432 437 447 451 469 514 564
305 306 310 312 322 330 334 337 349 365 367 372 374 390 396 419 475 484 490 498 524
323 360 375 391 425 445 453 459 573
352 356 385 411 426 486 521 534
346 365 466 531 541
304 305 306 312 318 338 357 367 394 401 409 439 449 482 485 513 519
324 368 379 381 386 388 408 419 436 445 513 529 568
307 309 329 353 356 443 462 554 559 579
309 315 336 376 420 428 457 468 481 503 516 528 530 569
359 410 419 443 463 480 514 584
303 304 305 316 319 327 344 371 385 394 417 437 450 487 489 496 514 521 522 536
400 401 430 489 491 506 511 521 556
321 334 354 387 397 406 411 413 464 492 509 515 528 563 585 590 598
302 303 310 312 315 332 380 392 406 414 417 421 427 450 455 487 573 595
318 320 347 357 373 384 392 402 407 424 440 458 464 469 475 476 530 562 565 586
319 389 498 588
305 306 330 414 426 501
329 339 376 390 413 426 457 543 556
303 312 337 366 367 380 394 395 405 410 417 455 472 475 480 490 503 510 531 532 556
303 305 306 399 401 409 422 429 450 501
325 341 350 363 368 386 401 419 465 485 530 548
334 398 410
303 308 313 324 344 350 371 396 411 436 467 538 568 592
378 412 415 422 426 438 510 531 573
303 304 323 352 353 359 372 446 447 450 473 510 512 525 554 569 599
312 314 317 328 340 342 350 390 402 412 417 418 460 485 503 570
302 314 320 336 355 357 365 405 442 503 519
384 387 388 389 406 414 423 476 482 502 524 581
321 330 336 376 410 428 555 596
341 356 398 418 459 475 485 513 517 520 540 582
337 340 357 384 405 415 418 433 467 561 572 573
322 342 525 530 538
308 332 336 341 369 383 384 441 444 457
344 359 372 395 399 445 458 467 470 472 536 567
308 322 323 346 350 365 368 382 386 408 426 435 450 452 475 544 562 567 573 579 594
322 323 369 409 420 426 470 505 513 559 598
341 354 416 472 479 528 531
313 319 336 351 354 376 379 437 469 486 498 517 529 551 588
312 319 343 356 361 363 369 385 396 397 400 401 419 426 440 474 494 521 540 582
303 304 314 319 323 327 328 350 383 388 399 430 464 482 489 492 501 516 519 538 544 549 568 569 579
316 319 323 389 394 415 422 433 434 448 453 501 503 535 542 557 590
347 389 390 401 457 469 484 530 538 557 584
303 305 313 353 380 383 399 419 433 456 462 509 518 562
305 319 324 327 353 365 369 462 470 474 516 522 524 538 566 591
302 322 325 326 328 338 402 427 428 441 442 451 452 490 500 517 534 553
313 323 331 332 333 334 338 357 361 363 369 379 380 392 405 406 419 463 481 492 498 510 511 548 558 573 596
334 338 347 363 411 481 488 505
