70
54 55 56 59 65 67 68 87



81 86
66
81 87 88
55 60 76 80 82
52 55 70 73 93 99
84 90
98
69 88

55 56 61 70 81 87 91 99

71
57 61


93
67


58 65 83
82
86 93
57 77 79
63 86 91
85

64 67 68 71 79 81 93 96
68
94

58

87 90
78
57 61 71 72

75 84 89

84
54 57
70

54 56 60 77 93 99
70 86
61 63
79 82 94 95
59
73
68




67
63 66

72 75
69 83
53 55 61 62 75 86
75
71
62 79
62
83 85
70
63 76
61 83
58 61

75
92
59

53 55 57 58 60 90
58 77 99
53 59 65 67 83 91

65 69 81
78 89
55 70 82
89
90
81 91

69

61 75

90
78 99
58 74
67
56
60 81
58 93
