1 29 23 37 36 17 12 24 1 9
15 20 22 20 22 37 20 7 2 32
22 22 32 22 8 23 22 23 18 22
23 38 23 26 26 26 23 24 38 23
23 23 1 27 13 29 25 3 23 33
9 27 31 27 9 37 27 24 1 22
28 28 39 23 36 23 35 8 27 27
38 1 23 23 31 31 29 12 23 2
16 25 17 23 37 10 10 18 32 32
32 2 13 22 28 25 4 1 37 3
22 1 22 20 22 1 36 28 1 1
18 4 16 9 28 20 26 4 28 38
23 23 23 26 17 30 22 23 23 23
36 12 32 28 15 30 15 32 9 30
25 7 25 22 13 7 25 32 7 31
9 23 33 2 33 22 32 36 30 22
24 23 26 28 37 38 6 28 6 26
32 18 12 31 32 32 39 23 12 23
23 23 22 23 23 22 22 29 22 23
26 26 26 22 22 22 12 22 22 26
24 31 38 3 26 27 31 23 27 31
22 23 37 37 37 34 37 23 38 9
4 9 17 28 18 23 27 28 28 33
23 19 16 38 6 23 31 31 35 26
6 24 24 25 29 24 25 23 23 22
24 17 22 17 17 34 2 23 26 22
22 27 22 28 17 22 27 27 16 17
1 22 28 1 5 20 25 29 25 23
22 4 22 24 24 22 24 22 22 22
37 38 24 1 18 22 35 33 38 9
38 32 38 15 33 36 1 26 33 35
28 30 22 22 28 37 6 4 22 22
27 23 1 35 23 17 23 28 37 14
6 4 25 24 23 4 31 24 24 23
7 22 1 25 28 24 22 22 28 11
20 13 30 23 20 24 31 19 10 30
27 23 25 22 7 19 19 25 36 25
23 34 30 23 33 23 22 24 22 24
28 28 24 22 7 28 22 28 28 22
31 2 38 14 35 29 15 19 20 31
28 22 23 23 23 22 22 23 23 22
22 34 23 36 36 3 36 20 20 36
29 39 39 24 9 31 39 9 29 32
22 22 24 22 16 22 22 38 24 22
22 25 1 25 27 20 23 1 25 27
23 23 22 22 22 5 23 23 25 23
30 22 26 22 22 30 26 37 8 22
36 38 22 22 16 24 24 7 28 26
19 33 22 23 23 26 26 28 17 23
8 23 29 32 24 19 23 22 19 29
37 20 32 32 27 10 26 19 16 27
28 28 28 25 17 23 3 3 28 29
25 25 39 31 26 25 37 25 31 22
22 30 22 28 2 26 25 22 26 22
25 16 18 4 31 27 31 23 2 27
34 13 38 17 30 23 1 38 38 9
20 24 20 1 20 20 23 20 33 23
26 26 39 22 26 30 22 22 22 22
39 1 39 10 31 18 36 25 23 13
26 22 25 26 22 28 11 25 26 25
39 26 27 6 23 27 38 11 23 27
26 18 23 22 23 1 9 27 23 23
25 13 8 30 15 13 1 9 30 24
36 22 24 13 18 23 30 22 35 22
39 32 22 22 3 23 19 23 1 23
5 25 22 22 33 11 25 25 25 12
19 30 22 22 26 22 30 1 25 1
31 22 3 31 17 31 1 13 31 31
34 9 31 25 28 24 4 24 32 27
22 33 24 23 9 23 23 35 23 22
27 23 8 15 20 20 29 31 31 30
26 9 24 36 23 22 39 5 11 24
10 22 17 29 4 23 23 36 29 3
31 4 26 18 15 13 13 14 27 5
29 25 1 5 22 22 13 1 15 13
22 1 24 33 37 1 20 24 1 26
22 28 1 22 22 26 30 24 7 24
28 1 22 20 22 22 31 23 11 22
16 15 34 23 35 35 35 24 29 23
38 27 38 17 32 20 20 17 14 11
32 26 24 26 23 26 32 22 1 1
10 22 12 18 4 3 33 24 10 22
27 29 29 22 1 32 1 34 22 1
1 1 22 22 20 9 17 25 22 26
8 6 23 22 22 32 30 10 26 23
22 24 8 24 39 24 27 33 39 28
23 32 12 1 23 20 22 23 22 23
1 37 15 32 4 24 9 35 9 5
25 23 30 29 24 37 25 24 30 25
26 19 26 28 28 26 18 30 30 26
26 26 23 23 33 1 26 3 2 23
4 24 2 8 20 8 29 24 22 1
22 22 22 23 29 22 35 1 26 22
24 28 28 22 20 16 16 17 28 14
23 30 33 23 22 23 14 23 22 27
28 37 34 7 28 23 23 7 28 28
26 34 33 37 31 20 26 35 31 26
6 27 30 24 4 26 19 25 35 20
14 24 11 13 17 23 23 23 26 18
1 20 20 26 30 15 25 4 25 20
