59 102 106 79 193 102 106 106 87 153
158 185 127 137 103 133 127 102 161 121
114 123 33 157 57 124 195 20 115 136
117 102 102 103 73 111 116 102 103 162
125 125 107 125 112 125 104 122 116 46
64 106 10 151 111 111 113 111 111 141
112 140 105 108 112 39 120 37 36 112
132 102 137 102 106 25 125 116 106 106
103 137 83 108 180 60 180 102 139 103
157 107 102 103 112 103 70 108 105 103
88 1 197 187 155 34 128 190 90 35
118 130 102 86 162 103 123 118 109 107
102 9 105 102 102 171 107 102 107 102
121 133 105 106 115 107 38 103 106 194
102 105 111 111 105 156 193 120 75 133
109 143 170 52 115 121 109 115 71 118
105 130 161 113 65 191 156 191 153 86
106 1 103 138 36 102 107 115 177 1
102 182 103 114 103 103 103 70 103 109
110 107 110 104 103 103 54 103 152 198
111 103 170 158 104 103 104 102 104 102
125 103 138 107 130 142 49 130 103 107
108 68 108 199 108 102 60 82 67 104
111 132 108 100 102 143 143 151 73 128
103 190 1 106 120 102 1 102 106 106
103 110 110 124 126 110 118 124 118 104
187 111 104 124 165 104 187 103 102 103
115 113 45 140 110 76 113 118 103 44
165 104 152 58 114 167 111 158 122 34
104 100 111 104 198 118 65 110 125 120
45 87 102 102 199 136 105 105 99 106
185 102 119 111 151 108 134 145 85 106
25 114 114 104 133 114 114 114 136 114
102 84 110 161 108 176 111 103 110 104
115 107 8 83 107 127 105 102 103 103
61 165 103 47 137 103 24 157 118 116
33 45 10 104 127 127 75 152 127 66
108 159 128 109 124 110 105 119 183 121
108 112 105 108 108 108 126 131 102 102
104 157 118 104 110 104 104 129 104 118
175 103 104 150 104 39 104 52 104 33
47 166 42 185 24 122 166 132 111 114
120 105 103 107 107 120 154 120 108 58
103 122 135 122 103 137 103 102 119 102
107 140 46 107 103 113 103 181 102 111
122 113 102 122 122 102 102 122 122 102
102 105 118 102 142 109 104 107 158 112
143 180 187 136 106 103 106 106 53 147
117 36 117 150 117 137 106 7 150 133
102 102 113 142 100 104 122 107 111 117
138 102 103 51 138 102 102 113 107 19
67 2 147 103 111 104 155 104 104 117
68 170 102 63 162 102 193 6 122 119
146 97 103 108 108 105 108 169 108 108
129 109 63 114 180 100 63 40 132 114
174 107 144 161 102 107 113 29 195 161
104 188 136 112 188 33 120 108 131 194
144 120 116 117 104 103 102 120 102 102
102 106 105 119 168 110 126 63 108 196
102 102 102 125 122 105 103 141 130 161
122 102 123 104 116 103 104 189 110 63
106 102 74 65 192 151 67 104 168 104
104 102 112 112 84 103 132 103 154 119
104 133 102 178 103 131 108 112 120 170
178 52 56 136 104 62 34 95 3 110
134 110 138 107 107 107 33 107 111 132
92 153 184 141 117 102 102 174 146 117
144 102 163 108 178 106 100 105 179 109
73 103 107 140 103 110 151 110 102 103
105 104 39 104 102 106 104 102 129 107
118 4 139 167 56 91 116 93 64 165
103 103 103 158 13 134 102 68 104 126
104 112 102 37 149 169 104 40 104 28
103 116 196 141 103 94 115 116 166 136
102 115 109 117 184 163 134 16 114 187
197 109 120 4 74 33 102 68 108 108
122 103 78 151 151 102 67 116 151 122
106 18 132 105 102 104 71 105 181 108
163 109 125 84 103 138 102 119 85 104
140 106 112 107 107 107 106 106 110 133
126 108 124 104 117 166 144 159 114 103
130 103 88 108 156 31 153 103 44 117
129 179 114 107 103 107 105 105 187 100
102 137 103 132 129 193 102 102 102 113
126 191 178 169 103 174 169 103 123 178
88 8 170 106 119 102 119 1 29 110
105 108 153 105 159 65 103 170 104 103
103 109 103 103 103 142 105 114 103 17
110 50 102 102 144 141 122 110 110 102
102 164 34 161 102 26 120 103 102 102
126 126 106 118 115 129 102 112 112 103
90 194 109 137 104 11 123 140 110 107
118 117 104 100 130 40 160 102 115 105
119 1 104 131 110 195 104 115 121 75
197 111 129 163 118 163 133 14 75 108
179 179 167 198 102 110 102 102 126 192
104 142 103 104 102 103 83 1 73 103
174 103 69 128 187 111 174 127 103 8
104 104 109 103 53 106 140 128 104 167
147 15 144 72 116 110 108 140 108 167
