329 305 384 308 471 316 347 243 193 266
303 305 300 392 467 306 302 287 303 305
360 353 487 523 302 305 311 256 498 309
409 300 169 236 306 63 314 544 303 314
302 591 111 551 306 306 304 302 22 306
138 137 345 441 69 353 373 302 321 478
328 385 314 86 327 348 269 306 89 305
302 353 312 304 242 302 304 325 166 344
303 305 261 425 317 243 330 308 305 315
334 427 313 157 478 303 310 503 503 306
304 307 247 302 315 306 304 304 333 302
308 308 310 308 303 353 317 308 112 308
303 320 404 254 306 385 382 304 302 478
340 304 291 375 53 197 113 322 318 304
312 353 304 54 59 435 304 307 351 305
565 305 303 440 307 533 307 310 425 94
312 105 311 332 322 410 334 357 373 304
328 306 305 304 304 354 512 399 377 306
306 324 316 345 316 326 92 320 326 345
70 309 306 307 72 400 414 334 153 326
302 302 320 306 306 274 306 330 294 87
313 313 2 308 320 303 302 418 298 310
304 310 354 580 10 332 427 315 326 349
385 496 188 595 308 385 305 297 371 143
447 218 139 269 447 202 561 420 308 314
353 348 320 405 161 319 304 502 307 303
305 302 91 89 357 21 302 369 302 345
337 309 476 416 8 471 303 322 313 502
399 305 581 322 320 303 324 323 54 334
333 302 326 302 303 319 321 314 393 335
308 198 317 358 310 428 346 345 317 334
303 309 386 179 305 357 314 302 302 93
16 396 413 357 521 314 509 310 135 306
346 346 302 392 333 306 311 309 346 333
313 310 109 426 309 349 313 173 302 435
338 386 435 302 144 338 322 303 311 466
365 306 361 556 173 306 127 396 306 302
307 355 307 307 307 307 268 307 302 302
310 308 91 316 115 302 302 494 240 453
133 328 313 330 306 329 328 328 303 328
460 345 235 290 302 302 370 304 304 161
370 306 549 303 303 305 334 304 302 304
11 211 415 314 60 356 308 352 383 305
178 521 164 382 333 312 319 461 473 423
203 310 216 323 393 181 414 334 310 339
521 312 312 227 330 302 517 319 345 303
308 455 503 303 381 332 302 331 305 170
420 397 40 302 267 457 321 195 302 314
557 308 304 409 324 304 330 302 302 327
300 306 403 341 302 71 311 188 302 305
322 1 303 304 306 356 1 322 331 335
533 357 311 304 302 302 328 361 507 303
304 597 325 378 230 307 433 597 583 313
353 304 302 303 302 302 334 444 370 302
306 327 341 113 152 378 377 318 302 377
415 320 359 316 322 303 323 85 314 303
317 35 257 309 305 371 333 305 483 322
53 329 302 353 536 359 356 327 211 309
311 48 308 355 264 409 308 264 344 448
312 23 420 202 318 287 331 353 363 339
198 315 322 328 58 522 499 305 357 343
593 309 251 322 487 410 422 310 409 467
302 304 56 309 304 391 361 320 311 311
304 333 303 318 302 242 309 311 303 326
312 463 12 308 416 319 307 598 48 302
412 372 304 315 306 304 302 315 390 448
329 433 364 309 303 3 315 520 374 408
341 221 283 297 588 348 242 312 311 319
155 313 435 325 317 304 353 369 307 335
167 321 209 332 319 389 210 412 252 592
410 345 307 345 490 231 316 329 484 304
302 305 319 302 225 302 316 366 303 431
306 303 211 439 305 422 522 316 122 380
211 220 156 594 367 362 305 312 192 360
325 361 239 312 303 5 309 308 303 57
303 48 312 327 312 590 487 307 303 28
94 387 312 238 312 375 507 521 317 312
304 306 433 165 433 306 302 306 306 306
309 388 116 435 553 547 588 398 334 374
302 303 303 368 320 309 310 305 302 413
307 109 334 161 334 307 316 399 147 307
306 311 356 317 344 387 356 306 306 401
42 304 399 404 304 302 172 302 306 306
326 322 341 323 342 322 306 392 371 322
310 503 334 475 324 318 421 343 66 355
314 450 313 303 314 308 358 311 315 427
434 303 325 420 267 304 303 311 302 290
539 308 308 316 430 115 315 49 302 303
52 328 351 307 351 323 324 198 38 305
328 201 311 303 354 303 304 303 374 303
304 100 302 310 404 307 304 100 404 323
441 307 302 306 307 52 31 388 303 346
469 67 302 335 323 358 303 323 327 423
482 441 302 319 338 206 502 312 302 331
322 322 322 310 305 309 307 353 366 310
300 314 300 24 302 475 300 312 300 300
303 305 303 278 511 256 303 458 521 324
551 324 307 303 309 307 196 379 361 331
361 321 120 304 202 350 302 347 343 258
540 302 174 305 306 596 264 305 76 317
