306 322 314 304 314 306 455 304 149 586
303 315 394 303 322 303 124 374 315 303
470 422 470 303 303 309 302 304 401 316
336 344 1 336 391 310 537 302 391 302
302 305 315 371 305 315 355 302 212 335
324 311 313 327 521 283 339 339 104 303
345 332 139 302 305 428 318 302 305 389
307 308 333 342 303 310 302 317 303 320
309 562 65 390 221 266 353 295 312 238
562 323 323 351 320 457 323 315 501 208
390 90 305 304 303 303 322 302 6 326
320 316 383 349 359 279 310 492 434 441
336 104 355 83 355 304 331 306 305 320
414 463 415 302 271 357 186 328 326 548
1 351 2 326 302 54 1 1 221 1
309 377 339 356 344 394 265 354 309 319
302 317 286 321 307 303 447 507 303 587
318 304 404 318 513 304 432 357 397 437
314 594 331 395 321 316 8 307 367 30
312 378 347 303 380 336 303 302 332 328
309 497 306 303 302 560 115 305 341 104
321 296 437 323 323 303 319 170 319 319
336 569 304 375 341 305 304 493 340 314
303 303 326 315 419 307 303 519 315 302
305 330 341 303 305 342 371 302 383 330
335 384 306 250 335 306 477 590 398 316
307 302 400 307 305 43 302 344 302 239
531 11 504 154 142 332 497 550 304 367
456 232 362 547 507 181 313 401 318 369
305 337 536 550 305 302 401 334 305 334
357 351 306 597 544 246 410 392 357 303
59 87 311 364 306 439 147 304 472 497
393 314 308 303 163 306 305 308 309 237
303 302 259 47 323 347 435 233 351 344
304 306 330 556 304 303 556 1 303 445
203 1 402 304 416 337 374 369 323 336
500 302 302 303 570 289 302 361 303 303
307 52 313 308 329 385 475 442 306 295
305 304 305 302 306 307 347 308 407 304
308 311 311 595 303 304 303 246 305 318
437 308 304 253 411 344 302 355 319 302
407 302 365 404 304 365 322 313 406 302
315 246 419 310 302 323 331 310 310 302
311 392 303 309 323 303 358 311 311 303
326 248 265 302 573 371 523 465 470 412
452 367 411 484 321 336 308 305 161 527
410 355 594 394 48 306 306 394 338 356
335 365 358 340 310 329 305 339 305 26
378 556 313 306 425 504 377 390 409 436
304 304 302 399 340 340 192 304 478 304
310 302 319 492 560 320 77 488 396 309
302 319 310 339 303 303 307 384 303 23
308 302 302 50 305 331 307 533 307 302
315 342 315 324 17 377 421 116 335 340
247 319 303 175 313 352 319 297 329 352
303 1 302 303 545 1 303 303 306 303
303 306 452 302 303 179 302 320 307 198
463 249 425 350 303 335 119 119 311 3
245 302 305 418 491 305 507 302 539 302
109 145 303 368 303 303 305 309 445 209
312 198 312 316 302 271 304 272 324 300
321 309 350 175 305 302 483 309 378 302
346 308 345 213 330 330 305 239 303 269
400 437 311 47 355 285 347 303 304 446
308 329 182 307 316 341 328 405 316 328
461 305 321 371 315 184 146 368 401 456
302 303 1 302 343 310 307 306 307 305
9 302 302 310 323 513 303 579 428 302
324 324 366 327 302 327 127 302 306 327
90 339 305 306 308 306 223 320 372 432
379 187 369 455 195 54 346 302 213 362
4 306 24 65 311 576 324 531 132 315
317 302 271 6 419 200 300 591 305 59
227 202 306 354 302 557 306 179 132 304
303 307 303 318 302 221 302 127 307 302
302 366 438 302 325 333 378 388 510 333
325 302 283 304 310 457 356 343 303 309
289 303 328 302 305 317 287 306 29 317
349 309 323 335 499 302 210 306 400 306
310 303 309 329 161 442 402 303 302 304
16 307 359 309 311 311 315 154 302 444
316 593 305 465 334 302 129 331 305 515
334 321 484 351 346 306 296 321 351 384
315 303 302 303 325 305 343 359 1 302
303 429 317 331 341 508 169 303 303 375
500 303 328 298 318 312 311 303 428 302
168 358 306 385 269 359 125 319 331 303
416 330 40 315 392 303 394 307 521 302
468 317 283 312 315 306 315 34 312 346
325 302 189 339 302 302 208 302 342 302
531 510 307 431 551 427 236 149 305 464
320 309 309 304 304 306 314 353 326 355
302 302 304 304 459 573 306 306 392 342
306 313 171 474 309 307 589 389 303 391
339 346 302 303 344 126 328 500 303 475
386 268 513 305 567 120 154 322 109 59
48 399 327 318 303 315 442 344 327 357
341 302 327 352 333 363 180 305 424 310
308 334 306 308 303 579 306 310 335 29
318 411 325 252 338 15 391 393 345 323
