109 128 102 103 102 102 102 102 102 103
126 107 102 104 56 128 148 11 130 109
108 110 111 102 70 148 107 25 107 106
103 103 22 142 27 127 105 104 114 48
111 12 105 122 22 110 95 105 107 122
117 87 139 121 146 152 5 54 105 117
21 171 71 105 92 109 65 176 140 52
102 110 106 102 115 127 164 102 120 165
181 102 107 64 102 102 19 130 107 113
167 119 111 130 105 105 105 102 108 179
135 109 62 178 117 102 103 105 77 182
5 111 53 105 102 84 129 105 53 41
122 126 106 34 197 102 130 125 106 129
191 106 126 163 106 115 160 138 109 79
103 102 138 102 143 103 142 105 102 102
102 172 121 120 102 102 104 120 120 102
51 103 157 104 127 66 104 67 107 163
73 126 146 19 111 126 87 119 102 117
58 102 106 106 102 105 105 109 105 69
114 113 103 147 97 103 19 121 132 153
120 126 99 108 145 120 49 163 178 139
112 106 102 147 121 112 3 106 34 106
81 103 184 167 108 167 122 106 114 57
1 113 113 103 5 109 113 113 123 123
116 138 191 102 116 116 109 157 102 138
23 6 90 22 115 140 154 174 131 117
75 106 103 28 124 113 113 148 112 95
108 154 108 184 107 123 94 43 93 165
118 102 105 111 102 112 103 85 103 104
28 122 103 115 102 85 181 115 122 115
107 102 107 125 102 102 107 104 135 112
113 103 107 120 139 119 119 107 61 64
102 79 102 109 102 128 105 102 124 157
117 104 103 102 23 48 4 104 107 124
138 109 127 134 110 144 120 103 4 102
7 117 107 104 106 115 122 105 115 122
98 133 97 139 181 178 111 102 23 108
48 126 109 135 59 72 138 104 117 34
108 107 102 4 33 110 152 185 107 10
172 90 109 106 125 70 41 106 172 196
110 102 112 112 102 187 132 108 112 11
89 191 147 151 103 72 193 117 100 161
124 104 104 117 102 102 121 96 136 179
187 197 103 111 169 128 102 30 125 113
107 105 116 107 46 67 182 129 111 139
140 114 119 41 105 105 122 197 22 14
7 108 103 128 102 138 121 105 144 136
132 102 121 1 1 1 137 48 130 125
127 106 106 102 55 104 44 114 104 67
73 73 39 141 9 73 104 153 102 166
84 129 114 187 114 70 24 114 199 187
108 108 115 173 158 42 102 108 31 121
1 102 2 130 105 2 173 173 2 173
168 108 102 102 102 102 105 108 18 108
115 108 82 116 109 148 22 102 103 108
148 49 103 104 143 102 148 179 180 105
115 194 195 140 108 117 125 102 146 182
111 158 152 22 164 53 22 78 168 152
102 102 126 102 32 132 188 114 69 103
3 104 166 3 166 128 141 166 106 103
114 115 114 109 106 38 132 109 122 104
106 160 81 114 158 72 103 15 142 198
103 103 103 103 103 102 107 102 102 126
107 33 115 97 117 97 120 114 122 154
195 76 103 103 102 16 103 120 9 102
88 115 105 93 105 79 135 130 103 123
152 117 60 109 22 108 116 146 117 116
140 107 107 190 102 75 123 123 160 49
102 102 105 105 102 18 2 105 99 102
110 107 27 114 105 111 9 32 42 125
88 14 135 1 103 1 103 13 107 121
174 167 75 139 103 103 103 28 134 160
104 119 108 104 119 119 116 196 116 119
110 119 102 112 102 146 89 103 102 144
106 146 106 102 197 34 113 132 166 106
194 128 198 71 72 59 104 175 104 112
107 106 102 102 107 88 107 143 102 130
117 89 102 157 102 117 9 106 15 102
105 155 115 88 106 107 114 114 113 63
130 102 18 102 106 37 174 147 181 102
102 9 165 102 131 65 193 102 172 140
49 105 138 105 176 26 116 98 107 102
70 103 135 104 178 109 112 156 102 104
127 186 123 178 154 174 102 160 109 118
146 97 149 102 113 130 116 178 106 107
124 17 111 188 104 21 133 133 131 113
102 104 70 104 104 102 104 104 119 119
105 138 139 104 126 195 21 72 105 126
102 139 116 177 116 121 116 116 144 98
105 131 33 105 35 108 196 151 124 103
110 27 109 123 42 103 109 177 156 147
110 134 149 23 195 108 177 133 193 149
104 115 103 92 26 102 145 103 182 38
106 115 27 107 109 145 102 120 124 69
132 105 56 105 74 1 105 126 102 114
104 178 103 104 104 102 1 114 119 102
103 51 111 110 193 111 106 122 161 111
75 102 110 105 136 97 133 105 179 105
148 193 129 134 123 131 193 102 148 75
35 63 104 35 158 64 118 38 127 102
