60 60 60 54 69 70 53 60 61 53
22 63 92 63 76 54 94 58 54 39
71 58 29 70 88 86 52 52 53 64
27 58 56 56 53 22 60 72 60 72
80 55 58 65 69 62 62 62 3 65
60 53 83 52 53 66 84 53 53 70
58 60 76 60 65 54 54 60 38 56
65 58 33 81 58 52 8 42 58 70
63 53 62 53 89 76 80 52 53 63
53 62 69 11 52 49 77 96 87 7
60 81 53 19 69 52 57 69 54 53
91 60 66 71 52 61 55 60 61 52
53 48 7 55 9 65 20 19 7 7
54 54 77 53 1 87 1 54 21 45
52 64 63 46 64 64 50 69 61 50
61 29 64 25 90 18 53 54 95 29
53 72 74 54 56 95 78 43 79 30
67 66 59 82 11 26 21 57 53 52
60 74 69 20 69 89 71 47 70 42
73 60 21 67 67 10 10 62 44 67
54 52 54 52 97 63 95 70 81 57
95 52 54 72 52 55 73 52 10 55
53 52 88 27 83 52 52 52 70 70
75 60 52 52 10 56 60 60 60 19
52 59 98 59 52 59 59 59 52 53
95 70 80 60 54 66 85 82 23 54
92 76 27 76 24 80 2 53 30 31
55 54 55 77 61 55 57 59 94 8
88 81 73 52 69 23 56 75 90 1
22 59 54 36 54 53 1 4 55 53
91 86 57 52 60 1 53 52 52 53
74 54 63 48 53 84 48 61 84 72
52 71 76 86 76 57 59 52 81 64
54 66 61 54 64 58 54 54 52 54
49 67 55 77 87 55 19 70 52 61
54 96 54 53 66 66 88 66 53 32
59 59 59 83 61 52 89 54 15 52
76 64 60 28 26 53 57 79 71 56
56 72 89 57 71 80 21 68 96 52
54 81 72 72 53 53 57 63 64 75
56 65 69 79 7 77 53 77 52 5
53 56 53 56 50 53 17 86 52 64
77 16 86 58 57 15 55 77 54 57
60 15 52 52 49 58 98 57 49 56
68 71 66 90 71 24 60 56 60 54
87 34 64 95 53 61 33 61 71 74
14 54 71 52 14 77 52 2 26 2
1 69 55 82 69 19 72 58 72 20
52 53 77 67 67 70 53 69 77 60
55 78 55 57 7 37 53 53 60 40
60 27 64 58 36 91 91 79 84 53
56 28 50 58 26 28 58 20 55 58
69 60 85 85 69 54 85 60 69 53
58 54 61 63 58 86 58 64 68 25
72 82 52 52 56 53 67 52 56 86
77 81 81 57 71 81 77 23 53 57
53 58 59 52 53 53 52 53 53 52
60 72 55 54 80 52 52 2 73 52
54 74 53 54 52 52 54 55 80 54
65 52 52 89 65 57 73 81 58 12
52 20 52 14 55 63 55 54 55 60
59 64 93 52 72 53 81 75 60 67
74 81 55 64 74 81 74 94 66 93
53 57 61 52 50 53 55 55 52 56
52 67 52 98 52 56 7 7 62 63
14 52 14 53 83 55 77 52 55 54
79 33 54 52 63 77 52 52 62 59
69 53 70 53 56 52 57 26 53 53
12 57 87 56 53 63 52 81 79 55
57 56 85 90 62 65 53 54 55 65
84 63 40 72 29 58 84 9 18 58
56 79 52 61 61 70 53 36 26 58
55 90 52 58 66 52 61 52 55 55
74 59 53 56 54 55 26 53 52 67
65 53 59 67 69 54 53 54 57 65
53 10 54 54 50 90 52 52 57 38
82 18 13 96 92 38 82 82 57 8
56 57 58 37 58 14 50 58 59 58
75 72 98 85 8 56 65 64 77 53
52 53 55 60 52 55 59 53 53 95
52 15 58 52 1 52 52 1 72 67
67 53 56 67 35 68 79 4 52 73
55 24 40 24 72 45 55 40 56 93
62 54 53 53 58 58 25 52 57 54
64 64 67 92 91 60 50 56 89 50
75 60 57 57 53 23 55 55 9 84
28 68 60 70 55 52 62 21 56 80
70 9 96 54 54 86 55 56 53 53
21 65 52 35 64 74 54 92 53 57
18 52 50 78 57 28 53 53 53 6
1 52 1 49 1 55 77 54 88 55
76 76 76 19 52 52 61 76 47 91
53 55 55 63 63 83 55 55 53 83
38 61 55 79 24 16 57 95 16 70
88 55 43 53 52 60 60 60 75 53
81 98 46 60 91 41 20 63 61 81
77 5 65 53 67 65 55 88 26 65
69 52 54 53 56 52 55 86 52 55
60 4 62 56 61 62 54 3 64 77
53 60 52 53 52 52 19 60 10 79
