55 62 63 89 2 77 91 74 91 63
68 52 55 55 55 34 81 69 71 55
68 56 87 10 89 22 52 52 56 72
5 1 83 63 57 99 71 42 53 90
52 52 54 54 25 52 7 54 32 52
54 54 52 62 52 54 54 33 52 52
59 55 58 57 52 96 52 2 52 55
53 81 53 56 62 53 61 84 48 9
19 1 56 75 59 20 59 1 20 39
30 69 70 54 42 79 69 3 61 80
18 63 61 40 65 76 56 52 75 68
60 84 54 60 52 54 54 57 35 66
39 75 59 87 53 52 79 26 52 62
57 57 57 69 3 56 54 62 54 23
33 93 61 53 13 84 14 62 9 82
47 12 56 60 93 65 88 33 61 89
54 55 97 54 54 83 91 79 54 17
75 52 55 52 53 60 53 56 5 12
25 54 59 63 85 66 57 33 66 59
69 90 62 87 89 94 96 99 55 11
57 64 1 52 61 55 1 1 1 52
62 62 49 66 52 66 62 22 56 21
54 49 67 67 67 54 65 67 57 25
69 69 69 6 14 52 69 52 14 52
95 87 70 52 71 54 57 71 52 38
52 53 28 52 80 52 53 79 52 52
72 34 52 53 63 68 89 53 44 53
99 55 55 66 52 4 66 92 45 52
65 54 52 46 59 55 71 59 56 59
72 68 65 65 55 32 72 53 53 68
79 45 52 82 1 49 67 52 92 44
21 57 69 4 48 53 53 53 57 50
95 63 63 54 32 90 78 56 94 39
54 54 81 54 81 52 54 64 44 54
52 50 50 52 76 30 32 50 52 71
54 54 53 54 55 90 75 72 55 57
52 55 8 56 52 61 55 48 90 55
52 94 56 56 82 52 64 56 56 56
82 55 63 50 8 64 14 62 96 45
52 52 99 53 90 53 90 90 90 52
70 6 1 83 91 1 52 14 22 63
66 53 55 63 12 55 63 63 1 63
57 16 55 53 59 55 56 61 53 89
70 52 70 70 54 70 71 52 91 70
31 52 52 31 88 86 52 52 52 52
52 55 53 56 60 61 40 60 59 55
54 76 10 52 76 33 15 66 62 1
94 40 53 61 53 53 61 76 19 2
11 54 72 76 71 61 65 52 65 83
57 17 53 56 64 53 95 57 48 63
91 97 33 60 60 63 57 11 36 57
96 80 57 59 34 87 59 62 73 58
75 75 91 61 60 6 52 62 75 56
52 98 78 52 54 52 56 53 69 80
53 55 78 78 55 46 18 57 48 56
9 77 52 55 67 52 5 54 54 55
81 91 96 1 57 94 60 52 62 57
96 93 19 57 67 61 52 67 22 10
58 52 90 49 70 56 55 56 55 3
84 59 54 31 52 67 43 56 59 54
74 55 50 57 57 74 38 74 41 57
5 62 75 52 50 59 1 39 54 50
93 57 74 59 59 54 4 57 64 96
10 57 57 69 53 62 20 55 56 69
85 55 52 54 7 56 34 85 52 78
57 52 52 59 77 71 71 52 71 79
11 54 55 54 52 59 53 61 52 54
75 99 62 52 64 52 89 56 52 82
99 23 29 5 65 14 62 60 90 6
9 57 56 91 73 69 91 55 94 73
55 79 56 38 1 52 76 55 56 1
74 55 50 55 74 55 1 1 55 52
52 48 52 55 55 54 59 65 24 55
55 60 83 17 59 7 56 54 75 57
58 52 58 56 60 9 59 53 57 58
60 50 60 52 60 54 54 23 54 6
61 60 68 90 52 68 75 15 69 73
55 72 42 52 60 75 82 75 52 57
49 53 23 49 53 52 50 52 86 53
52 65 53 54 52 52 54 52 54 52
57 45 68 57 61 54 76 54 55 57
3 72 59 28 53 66 65 65 52 59
52 64 96 65 58 61 98 98 1 61
52 53 17 40 52 52 10 60 53 52
54 97 75 54 54 21 64 87 53 64
52 31 57 5 39 82 82 5 48 85
64 57 53 75 55 58 58 11 55 58
53 62 64 76 15 68 64 21 64 50
98 72 68 56 16 81 63 98 52 96
29 56 92 56 84 56 70 63 24 63
44 90 52 52 41 56 56 41 56 4
52 61 80 70 54 9 60 83 53 83
52 58 52 52 52 85 57 52 54 53
42 54 73 61 54 78 71 18 71 52
60 67 59 59 59 76 52 57 57 59
33 57 65 72 58 40 27 67 75 33
43 5 50 70 94 57 50 18 54 1
55 53 59 53 83 22 50 56 58 55
54 57 83 8 47 69 54 60 39 52
71 52 8 7 57 67 58 57 47 62
