27 28 25 23 28 28 28 25 20 25
30 22 27 30 30 30 5 29 38 30
34 4 4 22 28 34 8 5 27 30
22 11 26 1 27 22 26 11 12 11
24 32 25 1 25 36 23 23 27 33
32 22 23 37 30 27 28 23 28 35
37 23 26 34 20 20 20 37 11 34
4 1 18 20 22 9 18 8 19 16
8 25 23 22 27 38 23 23 37 38
38 23 22 29 24 24 28 24 36 36
22 7 23 23 1 30 1 13 23 23
26 22 32 39 20 14 24 39 22 26
22 24 2 24 24 24 24 16 27 22
22 22 8 4 8 24 8 22 24 35
18 1 1 27 24 1 24 4 23 38
27 22 2 22 25 22 31 12 22 19
36 23 31 35 28 22 7 12 36 25
24 10 23 39 25 22 9 1 25 23
3 25 25 22 35 35 22 2 34 2
3 23 19 8 23 26 27 27 26 15
2 9 35 9 3 33 1 2 27 27
20 30 26 19 26 18 7 26 39 26
23 23 18 23 23 23 27 23 23 22
15 20 29 28 15 23 22 28 28 28
39 22 15 15 3 22 5 22 39 34
23 22 22 22 28 22 22 28 28 28
27 12 8 20 16 30 13 24 26 20
24 4 22 3 18 34 13 23 24 24
38 37 8 9 9 32 17 7 13 26
22 27 26 22 22 24 27 24 12 23
32 36 23 23 18 25 1 36 26 25
29 24 24 29 20 28 15 4 29 24
5 22 22 33 24 15 22 24 23 28
2 28 28 1 28 24 28 15 1 36
22 22 6 23 23 24 25 37 29 23
31 23 34 22 22 22 22 24 23 23
31 31 34 23 22 5 5 10 23 29
20 1 2 39 29 23 11 1 17 1
25 24 23 25 32 24 6 24 9 1
9 13 24 31 22 13 22 18 25 22
26 26 25 22 14 3 37 26 20 22
27 4 16 24 26 38 31 38 10 31
30 30 24 31 28 22 30 30 30 24
24 22 17 20 3 27 24 27 4 20
35 26 7 2 35 7 27 22 35 17
3 22 29 31 2 14 31 3 25 1
8 30 35 25 30 8 25 20 20 20
39 32 22 30 37 30 22 26 23 34
20 36 22 22 12 18 18 20 20 22
29 39 22 18 22 29 23 22 29 26
27 14 27 27 27 22 27 27 27 27
26 1 26 22 22 26 27 32 1 26
24 24 27 11 22 22 22 38 27 24
22 31 23 3 24 24 12 22 22 24
16 16 27 27 27 8 24 37 25 27
22 10 22 23 4 20 22 39 23 22
26 35 29 27 36 19 34 37 27 29
37 23 2 18 31 37 23 23 28 9
24 24 13 24 24 24 24 24 24 22
36 12 20 26 39 8 31 20 8 36
19 28 23 20 34 32 23 35 11 37
23 26 1 22 27 6 28 23 1 1
23 19 25 22 19 8 23 11 6 22
24 23 23 23 23 27 22 22 22 22
1 22 25 20 9 15 9 1 25 22
22 15 22 27 25 23 22 25 15 23
5 37 27 27 22 22 24 22 31 10
32 25 4 12 23 16 27 13 22 17
25 23 22 25 35 28 28 14 25 18
25 28 36 25 24 22 20 22 24 10
28 23 8 9 28 9 22 23 14 7
22 17 23 28 23 33 22 7 20 16
22 22 22 17 10 25 1 25 27 25
28 27 20 29 32 36 19 29 19 23
20 24 24 11 29 22 28 11 27 24
25 32 38 27 24 36 30 24 32 16
26 19 24 30 22 18 25 1 20 1
24 36 28 24 36 4 39 24 34 22
22 20 26 20 26 22 20 20 19 15
15 5 5 33 17 33 1 29 33 10
27 7 28 24 24 7 3 22 1 1
13 1 33 28 16 27 23 39 27 20
22 29 2 26 34 29 25 19 1 23
24 13 15 28 26 39 27 15 4 28
13 24 9 27 27 26 24 27 31 2
31 5 6 22 23 31 32 13 9 5
22 23 26 27 27 27 26 22 22 22
37 38 30 12 13 26 38 22 37 34
17 31 30 23 26 39 22 11 22 28
23 22 22 22 17 34 22 22 4 22
23 14 14 3 27 13 33 27 3 27
8 32 22 22 20 23 26 36 23 23
35 18 37 22 7 28 33 39 3 22
33 13 9 11 33 15 28 23 22 22
23 20 4 23 20 22 22 3 22 23
27 29 30 31 23 17 22 35 29 12
22 23 22 18 22 22 23 4 23 8
22 22 17 18 12 24 20 22 27 25
22 27 25 37 22 22 25 38 27 19
24 23 29 29 4 8 35 33 6 2
