315 326 331 428 447 456 485 568 591 593 599
302 303 304 305 310 313 318 349 377 405 426 433 469
333 361 448
362 396 407 432 438 515 534 539 564
306 328 330 378 402 406 495 598
396 406 408 457 461 494 538 596
307 319 338 346 357 378 385 397 485 495 504 559
315 317 324 327 338 358 378 380 382 391 448 486 487 490 510 536 539 549 563 594
303 304 305 306 307 308 314 323 349 377 396 456
473
302 317 319 325 334 357 373 384 390 391 428 429 448 452 572
337 376 390 392
305 319 355 406 409 420 431 441 466 520 542 584 595
326 409 525 528 566
308 327 335 339 345 352 367 379 383 435 438 440 444 505 511 528 565 586 589
398 402 439 561
326 329 337 351 394 403 424 514 556 591
302 318 330 333 337 346 351 399 429 463 471 504 540 595 598
387 434 438 449 476 491 509 530
461 506 573
402 510 516
346 356 370 382 389 444 449 452 468 571 584 591
320 394 410 476
320 331 346 377 384 386 430 433 449 559
319 321 333 341 379 495 566
360 371 381 385 509 543 557 576
303 305 328 530 588
495 511
322 344 476 488 496 540 545 555
307 314 315 317 345 349 358 418 447 475 484 512 517 526
405 498 508 539 564 590
310 312 444
356 385 406 468 496 542
420 475 503 596
392 483 556 597
304 321 330 351 427 475 478
312 349 363 367 371 398 433 453 461 480 538 564 587 597
532 564
328 350
330 333 346 350 352 360 363 383 392 414 428 430 475 480 485 507 511 527 534 585 593
310 314 316 355 398 440 480 586
326 366 561
349 351 417 423 506 510 514 546 572
381 388 437 446 462 464 473 488 491 521 534 598
469 540
309 447 470
393 434 564 577 585
473 477
359 419 442 597
346 358 384 391 417 459 469 526
477 563
323 397 442 524
351 429 465 570 575
305 306 544
343 407 478 507 542 544 568
305 319 326 516 548 569
413 475 485 498 508 551 599

313 320 348 356 376 389 445 480 481 486 500 597
344 345 349 407 409 445 490 498 598
566 593
333 350 377 431 458 526 542
435 533 573 597 598
325 328 345 354 380 385 387 415 480 503 536 551 574 597
328 366 391 443 467 469 484 512 518 556
315 338 353 397 474 517 563 576
320 322 324 400 484 566
568
306 307 308 314 376 473
308 347 508
303 310 342 344 345 362 416 531 548 553 566
346 366 396 438 439 446 466 591
316 325 327 344 365 404 421 526
433 454 572
309 320 350 387 423 428 450 458 470 485 569
328 370 456 503 522 551
339 368 377 378 495 521 560 599
343 359 363 380 427 481 494 506 529 540 557 568 589
312 316 393 451 488
340 373 374 386 391 442 445 514 550 581
348 369 371 438 452 468 474 522 585 587 597
357 544 596
381 452 547 583
343 351 440 522
383 551 558 596
540 543 597
328 339 395 415 503 515 581
374 568
355 430 474 503 527 574 579
436 565
302 303 304 307 322 328 329 331 352 367 378 392 461 475 486 490 496 517 552 562 574
310 318 334 413 419 499 501 592 596
326 337 353 359 390 391 429 450 473 536 563 594 597
327 328 420 522 592
442 466 552 562 589
401 453 476 543
310 311 350 397 524 546 591
334 340 346 347 400 415 461 548 550 561 594
416 492 522 543

