63 66 74 78
55 59 61 63

53 57 60 61

60


53 54 56 59 60 62 65 74 83 84 86
54 55 70 71 73 74 87

54 60 64 65
52 53 54
54 57 61
53
65 70
54 60 61 62 69 85

54 59 60 68


62 64
54 57 58 60 64

53 76

58 72
67

53 54 57 61
52 56 57 58 64
53 54 56 69 71 75

56 60




55 57 62 63 67 68

87
57 63


56

62 65
53 61 67 77
53 54 55
62 77 82
55 57 63 65 67 70 76 80 82
59 63 66 74 75 76 84 93




52 53 54 57 69
52 67 96
56 65 71

52 57 58 63 64 74 76 81 86
52 53 54 59 74
57 64 74

52


52 53 54 56 62 63 67
53 58 59 62 70 76 86
78
52 53 54 55 57 58 62
55 61

57 59 60 63 64 65 69

54 61
52 61
55


54 56 58 66 69
71



52 82 83

53 57 61 68 76 78
58
56 57

53 58 62
52 54 55 59 61 67

57 73
54 55 57 62 72 92
54 57 58 60 61 66 67 71 74
52 53 55 56

71 75
