304 308 309 316 317 319 321 322 325 327 329 330 333 338 345 349 350 355 360 367 433
305 308 314 334
302 305 309 310 326 330
302 303 314 322 332 333 334 337 343 344 346 354 357 360 365 394 397 400 406 409 418 425 426 433 447 454 458 461 467 491 495 518 550 551 558
304 319 322 323 331
302 321 352 409 423
306 307 313 315 328 329 351 355 359 450

305 306 310 315 316 324 327 343 378 397 450
303 306 310 313 314 318 320 332 333 341 344 368 371 399 433 436 453 457 463 465 467 503 506 538

308 313 322 323 326 334 355 360
302 303 306 309 310 314 323 330 331 332 343 360
304 306 307 309 310 312 314 318 319 320 321 329 331 338 343 345 346 356 357 358 362 381 395 402 411 416 417
304 306 308 309 310 311 313 314 316 317 326 420 476
303 304 305 310 311 328 333 336 350
304 305 307 309 322 325 327 351 370 412 421
304 306 315 321 328 334 338 341 342 348 353 354 359 360 361 362 364 375 387 390 393 395 421 435 438 440 449 458 494 499 502
312 316 318 324 326 328 338 345 349 352 356 365 367 372 382 412 413 437 480 483 531 534
306 312 317 319 324 326 328 334 336 337 339 349 373 414 417 424 493 544
334 338 393
302 303 306 310 313 317 331 343 348 354 383 391 393 396 418 419
304 305 307 310 311 319 321 326 327 330 340 341 345 354 380 390 441 442 460 473 483 492 493
302 324 364 368 371 372 373 380 385 425 427 505
302 303 308 310 314 318 319 323 354 375 388 398 404 453 497 510
302 303 307 309 312 319 325 345 364 385 440 529
302 306 308 320 322 333 371 376 380 391
337 355 363 375 376 380 394 436 439 502
302 303 305 306 310 311 314 315 319 321 324 326 330 332 337 339 352 366 370 454 467 504
338 339 346 348
308 312 317 324 325 330 334 335 336 337 340 345 351 358 361 369 382 386 397 398 402 403 410 411 412 459 491 566 576
302 303 305 306 308 310 311 313 314 317 318 319 320 326 329 332 333 334 335 336 359 361 366 384 399
302 303 304 306 308 309 314 317 325 335 355 356 360 366 396 405 442 485 513
302 306 307 308 309 311 312 321 323 324 333 334 343 347 350 358 366 376 377 379 398 401 414
304 307 310 311 313 315 330 335 339 341 342 359
303 312 337 338 344 364 408 419
306 310 317 426
307 314
302 304 307 308 309
306 309 310 330 338 365 390 408 412 456


304 305 308 312 313 315 317 326 327 334 338 344 356 365 383 389 395 430 431 433 441 444 477 489 502 511 524 546 551
307 312 314 315 317 320 325 335 346 354 377 416 439 453 476 487 490 493 505 510 522 529 537
310 311 314 328 334 349 370 382 414 415 475 494
312 313 345 363 384 423 426
302 303 305 307 309 313 314 315 316 317 319 333 338 341 345 350 371
302 307 317

302 303 304 306 311 312 313 315 340 430 432
303 304 306 308 309 310 311 313 314 317 323 325 331 334 338 340 399
302 304
303 304 311 323 324 340 528
302 304 306 307 311 320 321 326
302 306 308 309 314 318 319 320 322 323 326 327 328 332 333 334 343 344 346 350 372 377 382 385 398 402 407 417 432 473 487 492 522
303 304 307 309 310 311 312 314 315 317 318 321 327 331 333 335 350 355 372 388 389 401 402 421 437 448 476 520
305 307 308 310 313 316 323 328 346 350 366 420
309 315 327 328 359 365 418 424 453 454
305 307 308 310 311 317 322 324 330 336 338 344 346 348 352 357 361 379 380 390 422 424 509 513 527 529 533
304 305 310 312 313 314 315 319 320 333 336 356 360 369 387 456 461 467
305 315 325 331 332 337 348 349 366 368 373 388 407 421 424
309 310 314 331 345 385 401 476 487 509 521 523 530 549 587
302 304 305 309 310 312 313 322 328 332 347 371 404 405 438
311
302 303 308 309 312 313 315 316 317 318 320 321 323 324 325 329 331 336 339 384 396 397 398 402
303 304 306 315 325 329 330 334 339 343 346 347 377 378 382 401 428 446
303 305 306 307 309 311 314 315 324 325 330 334 337 346 349 354 408
303 306 307 311 312 316 321 324 325 326 336 347 356 381 387 515
304 306 307 317 324 326 334 335 336 337 367 368 397 403 408 428
311 312 313 319 321 323 330 332 353 356 368 369 412 429 459 473 529 560 561
304 307 315 316 317 324 345 352 361 367 372 373 375 386 401 407 422 445 451 466 491
302 303 304 307 309 310 314 321 331 336 337 373
303 304 305 306 312 316 331 335 336 342 350 360 362 364 366 399 413 476 488 507 511 516 545
303 305 309 310 312 316 320 323 326 350 355 362 367 404 427 469 470 478 501 503 507
303 305 308 309 314 315 318 322 330 331 357 367 389

312 317 319 331 341 346 350 355 391 402 407 413 417 436 468 471 476 547
304 319 328 345 383
309 311 312 314 315 316 324 332 334 336 341 342 384 411 434 437 456
325 330 331 335 368
307 309 334 351 352 355 376 380 381 394 396 399 405 425 453 469 478 487 491 496 559
306 310 311 315 317 318 328 331 332 339 342 346 347 350 356 360 361 369 376 379 388 397 398 409 410 432 433 434 441 459 463 466 566 571 582

306 307 308 309 314 315 317 318 322 323 335 336 338 341 342 356 357 371 383 402 405 436 449 482 523 557
306 310 317 318 319 320 321 323 324 326 333 334 337 351 355 359 361 366 371 377 380 382 392 394 407 417 419 440 472 479
304 311 313 314 318 329 334 335 346 356 395 396 403 408 444 465
303 307 347 358
302 303 304 305 306 308 309 310 312 314 315 318 320 324 328 329 349 362 372 386 430
302 305 306 308 309 323 324 328 336 337 338 352 360 361 395 397 402 458 509
303 304 306 308 311 313 316 317 318 319 323 325 326 328 331 332 336 344 352 353 356 357 361 362 363 373 376 382 400
304 306 310 311 315 353 404 422
421
335 372 413
304 305 308 311 317 338
310 322 323 328 361 367 397 494
308 312 313 314 319 324 333 345 397 408
303 304 306 307 308 309 310 316 338 346 367 382 384 394 416
303 304 307 309 316 318 322 326 332 333 334 342 347 361 373 382 386 425 503
321 336 348 350 353 356 362 363 381 418 431
305 308 312 323 332 353 372
