103 106 107 110 112 129 153 154 159 172
129 132 186 187
109 117 132 133 146 149 165
122 142 161 165 173 187
102 124
125 161 166 175 178 187
108 113 116 155 166 186 187
130 139 165 188
125 128 163 169
117 118 125 156

122 151 154 170
104 129
165 170 175 178
119 134 144 153 161 162 195

119 122 130 132 138 141 143 157 158 180
142
111 117 185
119 120 127 145 195 197
105 116 128 141 158 166 168 191 196

141 146
114 120 146 164 187

135 145
103 106 131 140 193 199
113 134 135
102 103 111 141 196
102 103 106 109 112 117 118 122 138 154 160 165 194
144 193
122 134
128 160 161
106 107 108 116 124
111 166 177 185 186 187
142 149 190
106 133
109 152 178
112 174
155
149 169
157
109 175 187 197
103 104 109 118 121 126 130 169
103 116 178
118 131 136 142 146 153
112 128 130 139 145 171 175
152
179 199
127 163 166 173 184
105
106 107 116 144 163 171
104 105 110 119 121 130 137
135 140 177
137
114 164 168 189 198
122 123 169 171 178
176 181 196
148 156 179
127 152 170
104 113 115 129 131 137 139 159 172 195
106 110 112 114 118 119 132 168 174 193

123 130 158 179
110 113
111 119 141 146 147 148 152 157 159 161 163

116 146 172 189 190
108 122 168 176
115 118 138 149 151 152 156 163 194 199
105 131 135 161 165 181 188 190 193
105 108 119 129
105 120 132 142 179
124 127 156 160 165 178 186 197 198
107
108 123 129 138 141 157 189 197
104 109 110 112 118 123 145 157 159 161 164 168 198
131 163 165 166
177
119 126 149 154 162 184
117 137 182
105 112 120 146 155

115 130 160 162 196
108 118 122 132 135 141 160 166 196
102 139 143
132 145 176
118 138 156 192
165 172
109 115 117 118 120 121 125 132 137 179 189 194 196
102 128 174
159 190
172
105 107 108 114 134 149 156 171
110 127 147 175 196
106 118 184 193
112 136 147 177 179 187
148 174 196
103 114 128 129 133 160
102 108 114 148 175 181 190
