102 114 115


103 105 109 110 114 115 128 132 141 150
105 114 118 138
103 105 109 111 112 114 121 125 146 161 163 167 185
102 105 106 108 109 127 128 141 142 145 156 161 164 172 184 185 188 190 198
103 105
108 141
105 116 119 124
102 105 106 109 117 120 140 141 142
105 106 107 108 149

106 126 136 149 169 175
109 110 122
102 111 125 128
120 127
102 111 112 125 137 172
104 109
103 106 107 108 109 110 117 118 119 133 143 147 148
108 120 126 138 140 158
104 105 106 109 112 114 115 117 130 135 142 163
103 104 106 107 109 115 123 127 130 161
109 116 130 131

104 105 114 115 117 154 182 199
103 105 106 107 112 113 115 117 121 141
107 108 110 115 117 120 121 122 125 129 133 146 174 184

115

102 107 108 110 114 119 128
102 105 109 110 114 115 117 124 143
102 104 105 119
109
103 104 105 107 115 118 129 131 135 137 153 164
102 106 108 109 110 116 131
109 117 122 135 150 161 164 167 172 173 176
102 104 124
102 106 109 114 115 116 123 124 125 126 132 135 145 149 150
105 106 108
106 116 118 154
107 119 123 154
102 108 113 115 120 124 156
106 107 108 110 111 113 116 122 129 139 141 148 160
105 119 122 135 136 156 165 166
103 105 113


112 117 151
103 104 114 127 133 150 153 158 161 164 171 187 189 191 199
102 108 110 115 117 119 125 127 140 152
103 105 107 108 116 117 134 157

105 138

102 104 119
111 115 142 164 169 178 180 190
102 104 126 128 130 158 179
102 104 106 146 155 157 166 183
109 114 134 155 168 185
103 104 106 108 116 122 123 133 165 172
113
104 110 120 122 124 131 139
131
103 105 109 115 117 118 123 134 141 159 163 170
102 108 116 117 120 137 140 142 144 146
102 107 109 113 119 135 181 189
105 116 117
102 105 111 127 144
103 104 107 116 125 130 132 137 161 165 166
103 105 107 114 122 160 183 184 188 189 193
103 104 107 110 118 119 143
102 103 104 109 111 119 131 133 162 175
106 111 119 131
104 110 112 122 133 143 147 151 168 169 175 185


106 110 113 114 115 120 133 134 135 142 156 162 175
102 104 107 109 111 113 127 133
102 104 107 111 125 129
169
102 104 105 117
112 113 114 137
102 103 104 105 108 116 121 131 137 152 174
104 107 111 119 133 142
107
105 108
116 118 146 148
141
125 136
127 134 148 149 155 178 183


114 153
102
111 128
105 110 145
129 131 152 167
106 109 113 120 123 127 137 180
