102


103 105 109 110 114 128 132 141
105 114 118
103 105 109 111 112 114 121 125 146
102 105 106 108 109 141 142 145 156 161 184 190 198
105


105 106 117 141
105 106 107 108

106 126 136 169
109


102 111 112 172
104
103 106 107 109 118 147 148
108 120 140
104 105 106 109 112 114 115 117 135 142
103 104 106 107 109 127
109 130 131

105 182
103 105 106 107 112 113 115
107 108 110 115 117 120 121 129

115

102 107 108 114
102 105 109 110 114 115 143
102 104 105

103 104 105 107 115 118 137
102 106 108 110 116
109 150 167
102 104
102 106 115 123 125 132 135 149
105 106 108

107 123
102 108 113 115 120
107 111 113 116 129 139 148
105 119 122 135 136 165
103 105



104 114 127 133 153 158 161 171
102 108 110 115 117 119
103 105 107 116 117 157



102
115 169 178
102 104 130
102 104 106 146 155
168
103 104 106 108 123
113
104 120 124 131

103 105 109 115 117 118 123 134 159 163
102 116 120 137 140
102 107 135

102 105 111 144
103 104 107 125 137 161
103 105 107 114 122 183 189
103 104 107 110 119 143
102 103 104 109 111 131 133 162
106 111 119
104 110 112 122 133 147 151 169 175


106 110 113 114 134 135 142 156 162
102 104 107 109 111 113
102 104 107 111 125

102 104 105

102 103 104 108 116 121
107 111 133 142
107
105
116 118

136
127 134



102
111
110
131
109 113 120 123
