
57 61
64 71 80 90 93

62 67

69 79
57 63 77
67 72
75
84 86
77
64 79
67 87
61
79 95
53 56
53 55 61
60 79 83 87 93


73
57 74
66 82 92 98
60 62 68 70

58 59

74


52 69 79 88
81
56 57 88
73
70 71

64 80 92 97

52 78
55 58 69 72 99


53 59 95
80 90 98
62 66 78 79

99
60 67
81
69 74 92
83
76 95
54 57
53 56 57 88
54 55 56 58 62 63 70 75 99
63 68 70 73 75 94
66
61 63 64
67 73 92
56 61
59 63 68 75 79
64 76 80 85
54 64 71 79 92

52
64
64 68 81
87 91
62 64 72

83
89 92
60 69
65 75 96
63 71 80
55 68 91
67
56 91
84 85
55 62 64
53 59 64


57 69

78
52 53 60 61 62 63
89
61 65 79
62 67 70 80

57 59 69 94
65 82
54 68 88 92 98
69 86
71 89
65 66 68 87

52 57 66 79
