314 315 326 331 371 428 447 456 485 568 591 593 599
302 303 304 305 309 310 313 318 338 343 349 377 390 405 410 419 426 433 469 479 530
302 325 333 361 416 448 450
340 360 362 396 399 407 413 420 432 438 465 481 497 515 516 534 539 550 564 572
304 306 309 324 328 330 358 363 367 378 402 406 452 481 495 525 592 598
387 396 406 408 436 438 444 457 461 491 494 538 571 596
307 319 327 338 341 346 357 374 378 385 395 397 430 455 466 485 495 504 535 559
304 310 314 315 317 320 324 327 338 358 362 378 380 382 391 400 403 438 448 452 476 486 487 490 510 514 518 536 537 539 549 563 570 594
303 304 305 306 307 308 310 314 323 349 377 396 456 469 478
413 431 473 567
302 303 317 319 325 334 357 362 371 373 384 386 390 391 397 428 429 448 452 466 469 474 572
330 337 357 376 379 390 392 417 487
305 319 355 406 409 420 431 441 466 518 520 542 584 595
326 331 340 364 386 409 435 437 512 518 525 528 566
308 315 327 335 339 341 345 352 367 379 383 392 410 423 429 435 438 440 444 456 484 496 505 511 523 528 565 586 589
312 327 361 394 398 402 422 439 480 518 561
313 326 329 337 351 394 403 424 455 514 556 571 591
302 318 325 330 333 337 346 351 377 399 429 463 471 504 513 519 540 595 598
338 387 434 438 449 450 472 476 491 509 530
323 461 479 480 506 528 535 544 573
402 486 510 516 522 598
321 346 356 370 382 385 389 409 444 449 452 468 478 489 514 571 584 591
320 382 394 410 445 476
317 320 326 331 346 363 377 384 386 430 433 442 449 477 481 537 541 547 559
314 317 319 321 333 341 379 408 422 480 495 500 507 566
360 366 371 381 385 419 445 453 466 509 516 543 557 576
303 305 309 326 328 354 382 391 392 393 453 500 512 530 588
419 431 442 448 485 495 509 511
322 324 332 336 344 364 365 391 394 454 476 488 490 496 509 540 545 555
306 307 309 314 315 317 328 344 345 349 358 418 429 447 471 475 484 506 512 517 526 559
330 338 380 405 436 458 467 489 498 508 515 539 541 550 564 590
309 310 312 327 346 379 384 444
314 356 385 390 406 461 468 469 496 542
345 376 420 434 462 470 475 503 521 542 596
348 374 381 392 418 421 425 468 483 516 537 556 587 597
304 308 321 330 343 351 376 427 432 438 475 478
308 312 330 349 363 367 368 371 388 398 433 448 453 455 461 480 496 508 538 564 587 592 597
304 314 315 355 372 373 491 532 536 564 565
314 328 350 356 360 399 411 478 484
330 333 341 346 350 352 360 363 366 383 392 409 414 428 430 468 475 480 485 506 507 511 527 534 566 585 593
310 314 316 322 323 350 355 398 422 423 440 455 480 531 583 586
302 326 343 358 366 426 435 459 470 508 558 561
312 349 351 355 417 423 490 506 509 510 514 546 558 572
361 381 388 437 446 461 462 464 473 488 491 521 534 563 598
398 407 466 469 504 540 583
309 334 365 410 447 470 506 532
355 362 365 373 379 393 432 434 486 534 563 564 577 585
312 321 371 467 473 477
336 359 374 418 419 442 485 518 583 597
305 315 318 330 346 358 371 380 384 391 417 446 450 459 469 472 495 498 526 535
319 329 374 444 477 542 563
323 397 442 454 524
338 351 383 429 441 465 533 570 575
303 304 305 306 326 348 390 544
314 343 357 368 369 390 407 430 478 507 532 542 544 551 568
305 319 326 350 359 365 366 389 405 477 516 548 554 569
322 393 413 475 481 485 498 508 542 551 599
398 420 435 477 586
313 320 343 348 355 356 358 376 386 389 404 413 420 445 480 481 486 500 536 597
334 344 345 349 404 407 409 411 434 445 490 498 598
394 499 566 593
333 350 377 431 445 458 496 526 542 548 570
345 362 400 435 493 533 536 573 597 598
307 325 328 329 345 354 380 385 387 389 390 415 425 480 503 511 536 551 555 574 597
328 339 350 366 372 391 443 458 461 467 469 484 486 512 518 556
309 315 322 338 341 353 370 397 451 474 517 555 563 576
310 320 322 324 360 397 400 427 484 510 556 563 566
395 568
306 307 308 314 317 321 376 440 445 473 548
302 303 304 308 327 347 425 488 506 508 520
303 305 310 333 342 344 345 362 390 416 531 544 548 553 566
335 346 366 381 396 409 438 439 446 466 474 514 522 559 591
305 312 316 320 325 327 344 357 365 404 421 516 517 526
333 367 427 433 454 460 486 533 555 572
303 304 308 309 320 346 350 387 423 428 450 458 463 470 472 485 548 569
304 328 334 370 451 456 499 502 503 518 522 551
322 339 351 364 368 372 377 378 382 391 403 446 495 521 560 599
325 343 359 363 380 427 442 474 481 494 506 507 514 529 535 540 557 568 589
312 316 356 393 410 425 451 459 478 488 501 524 574
340 373 374 386 391 442 445 462 514 550 581
348 369 371 383 393 438 442 452 458 468 471 474 486 520 522 561 585 587 597
321 335 357 363 398 405 544 596
381 386 402 414 452 530 547 583
315 324 343 351 372 381 388 440 494 522
373 383 427 435 443 519 551 558 596
308 324 333 346 439 540 543 597
318 328 339 395 415 464 503 515 537 541 570 581 587
374 398 420 498 507 568
309 352 355 371 389 430 431 450 474 475 485 503 527 574 579
329 386 436 565
302 303 304 307 309 322 324 328 329 331 352 367 378 392 399 414 424 429 439 461 475 486 490 496 517 552 562 574
309 310 318 334 348 368 413 417 419 434 490 499 501 526 540 592 596
316 326 327 337 353 359 390 391 413 429 450 467 473 536 563 573 594 597
327 328 361 420 444 448 462 489 494 522 592
304 315 331 436 442 466 517 552 562 589
339 384 401 440 453 470 475 476 519 543
310 311 350 359 366 374 397 429 448 457 469 485 524 546 561 591
326 332 334 340 346 347 352 353 370 400 415 446 461 470 548 550 561 594
333 379 416 492 496 509 513 522 543
356 381 383 443 524
