304 305 308 309 316 317 319 321 322 325 327 329 330 333 338 344 345 349 350 352 355 360 367 375 401 428 430 433 446 447 458 532
305 308 309 314 318 322 334 335
302 305 309 310 312 313 326 330 393 428
302 303 314 322 332 333 334 337 339 343 344 346 354 357 360 365 371 375 379 394 397 400 406 409 411 418 425 426 433 447 450 454 458 461 464 467 491 495 518 519 521 528 550 551 558 560 570 577
304 305 319 322 323 331 346 396
302 314 321 322 344 345 352 355 391 409 423 445 473 497
306 307 312 313 315 325 328 329 332 333 342 351 355 359 392 403 448 450 461
329 340 408
305 306 310 315 316 323 324 325 327 343 378 397 450 470
303 306 310 313 314 318 320 332 333 334 341 344 355 363 368 371 396 399 404 433 436 453 457 461 463 465 467 470 503 506 523 531 538 554 569 579 582 591 596 599
346 410
307 308 310 313 322 323 326 332 334 335 338 342 355 357 360 448
302 303 306 309 310 314 323 330 331 332 333 335 343 360 362 370 381 417 420
304 306 307 309 310 312 314 318 319 320 321 329 331 337 338 343 345 346 354 356 357 358 362 364 377 378 381 395 402 411 416 417 425 428 442 443 475 482
304 306 308 309 310 311 313 314 315 316 317 326 337 355 395 420 424 476 505
303 304 305 306 307 308 309 310 311 328 330 333 336 350 360 378
304 305 307 309 322 325 327 332 338 341 351 370 382 412 421 424 454 467
304 306 307 312 315 321 328 334 338 341 342 348 353 354 359 360 361 362 364 369 375 381 387 390 392 393 395 399 400 421 435 438 440 441 449 453 458 460 479 494 498 499 502 548 557
309 312 316 318 324 326 328 338 344 345 349 352 355 356 365 367 370 372 382 384 412 413 416 437 440 451 461 480 483 531 534
306 312 317 319 324 326 328 334 336 337 339 343 349 352 373 377 398 401 414 417 424 459 473 487 493 525 544
334 338 393 400
302 303 306 307 310 313 317 331 343 348 354 360 371 383 386 391 393 396 418 419 447 473
304 305 307 310 311 315 319 321 326 327 330 332 335 338 340 341 345 354 363 370 380 382 390 417 441 442 460 469 473 483 492 493
302 305 307 324 332 364 368 371 372 373 380 385 387 402 404 425 427 436 443 505 516
302 303 308 310 314 318 319 323 329 333 342 354 375 388 398 403 404 407 431 453 470 482 496 497 510 521 561 569 589 590
302 303 307 309 312 319 325 345 347 364 385 428 440 493 526 529
302 303 304 306 308 320 322 333 343 358 361 364 371 376 380 391 421
322 330 337 355 356 363 375 376 380 394 436 439 452 464 471 502 506 522
302 303 305 306 310 311 314 315 319 321 322 324 326 330 332 337 339 340 352 366 370 379 454 467 504 509
338 339 346 348 352 385 405
308 312 317 324 325 330 334 335 336 337 340 345 351 358 361 369 382 386 390 397 398 402 403 410 411 412 416 447 459 474 490 491 492 551 566 576
302 303 305 306 308 310 311 313 314 316 317 318 319 320 321 325 326 329 332 333 334 335 336 351 359 361 366 378 384 389 393 399 438 461 466
302 303 304 306 308 309 313 314 317 325 327 335 348 355 356 360 366 379 396 405 435 442 485 513
302 306 307 308 309 311 312 314 317 319 321 323 324 333 334 340 343 347 350 355 358 366 369 376 377 379 388 396 398 401 403 408 414 428 436 482
304 307 310 311 313 315 330 335 337 339 341 342 345 353 359 366 430
303 311 312 337 338 344 345 346 358 364 392 405 408 419 426 450 467 472
306 310 317 422 426 435
307 314 381
302 304 307 308 309 311 313 356
306 309 310 330 338 365 390 393 408 412 419 423 436 456 459 485
305 307 410

302 304 305 308 312 313 314 315 317 326 327 331 334 338 344 356 365 383 389 395 412 418 430 431 433 441 444 446 477 481 489 493 502 511 513 524 538 544 546 547 551 573 576 577 582
307 312 314 315 317 320 325 326 335 341 346 354 370 377 382 416 439 453 459 476 487 490 493 505 510 511 522 529 537 542 545 549 561 582 585 590 595
310 311 314 328 334 349 354 370 382 414 415 460 475 482 494 514 532 540 549 579 596
303 312 313 344 345 346 363 384 393 423 426 438 440 466 491
302 303 305 307 309 313 314 315 316 317 319 320 329 333 338 341 343 345 350 371 383 390 402 408 449
302 303 307 317
327
302 303 304 306 311 312 313 315 337 340 350 384 390 430 432 461
303 304 306 308 309 310 311 313 314 317 323 324 325 331 334 337 338 340 341 378 379 380 399 409 427
302 304 308 309 311 417
303 304 311 323 324 330 336 340 347 357 405 421 463 476 504 518 528
302 304 306 307 311 320 321 326 328 349 350 355
302 306 308 309 314 318 319 320 322 323 326 327 328 332 333 334 341 343 344 346 350 363 372 377 379 382 385 398 402 407 417 430 432 441 448 452 473 487 492 522 557
303 304 307 309 310 311 312 314 315 317 318 321 327 331 333 335 350 353 355 359 360 372 387 388 389 401 402 415 421 437 448 472 476 477 520 527
305 307 308 310 313 316 317 322 323 328 336 346 350 366 369 420 428 500
309 315 327 328 352 355 359 365 373 388 404 418 421 424 448 453 454 471
305 307 308 310 311 317 322 324 330 336 338 344 346 348 352 353 357 361 377 379 380 386 390 414 422 424 488 509 513 527 529 530 533 539 543 544 561 568 572 574 578 594
304 305 310 312 313 314 315 319 320 321 333 335 336 337 356 360 369 378 387 399 404 423 443 456 461 467 483 489 494 498 513 548
305 315 325 331 332 337 348 349 366 368 373 377 388 391 407 421 424 431 450 475 536
308 309 310 311 312 314 331 345 385 401 402 422 476 487 509 513 514 515 521 523 530 546 549 553 557 566 567 576 581 587 597 598
302 304 305 309 310 312 313 321 322 328 332 334 340 347 352 355 356 365 371 404 405 412 438 455
311 344 366 387
302 303 308 309 312 313 315 316 317 318 320 321 322 323 324 325 329 331 334 336 338 339 341 367 368 376 384 396 397 398 402 410 474 484 531
303 304 306 308 312 315 325 329 330 334 339 343 346 347 354 372 377 378 382 390 396 401 413 420 428 446 475
303 305 306 307 309 311 314 315 324 325 329 330 334 337 341 346 349 354 390 392 398 408 433 443 466 521
303 306 307 311 312 316 321 324 325 326 332 336 338 346 347 356 376 377 379 381 387 401 416 422 444 485 515 529 574
304 306 307 313 317 318 324 325 326 334 335 336 337 343 345 367 368 384 387 397 403 408 422 428 448
311 312 313 318 319 321 323 330 332 338 339 352 353 356 367 368 369 373 412 421 429 448 458 459 473 529 532 542 560 561
304 307 315 316 317 324 345 352 361 364 367 368 372 373 375 386 401 407 422 445 448 451 459 462 466 472 487 491 577 579
302 303 304 305 307 309 310 312 314 315 321 330 331 336 337 345 373 385 408 440
303 304 305 306 312 316 321 331 335 336 342 350 360 362 364 366 368 374 375 399 405 413 422 425 444 455 474 476 480 488 495 507 511 516 545 546 558
303 305 309 310 312 313 316 320 323 326 328 350 355 361 362 367 369 373 390 404 410 427 469 470 478 501 503 507 544 556 578 588
303 305 307 308 309 314 315 318 319 320 322 323 327 330 331 352 356 357 363 367 378 381 389 391 440

312 317 319 326 331 341 346 347 350 355 370 391 399 402 407 413 416 417 436 452 455 458 468 471 476 497 499 514 542 547 553 576 581 593
304 306 319 328 345 355 360 383 416
309 311 312 314 315 316 324 332 334 336 341 342 343 348 380 384 411 434 437 456 499 567
305 325 330 331 335 368 397
307 309 316 334 351 352 355 376 380 381 387 394 396 399 405 425 441 453 454 469 478 482 487 491 496 498 559 598
306 310 311 315 317 318 328 331 332 334 339 342 346 347 350 356 359 360 361 369 370 374 376 379 388 397 398 409 410 416 432 433 434 441 453 458 459 463 465 466 472 475 481 505 507 515 544 566 571 582 584
346
306 307 308 309 310 314 315 317 318 322 323 335 336 338 341 342 352 356 357 370 371 377 380 383 402 405 425 436 441 449 457 464 468 470 482 512 523 525 545 549 557 588
306 310 317 318 319 320 321 323 324 326 333 334 337 351 355 356 359 361 366 371 377 380 382 392 394 399 402 404 407 408 417 419 424 431 436 440 452 472 479 517
302 304 311 313 314 318 323 329 334 335 340 346 355 356 366 370 395 396 403 408 420 424 444 465 470 537 553
303 307 322 345 347 358 364 392 405
302 303 304 305 306 308 309 310 312 313 314 315 318 320 322 324 328 329 331 338 344 349 350 358 362 371 372 380 386 391 397 401 427 430 452
302 305 306 307 308 309 319 323 324 328 336 337 338 346 351 352 360 361 373 395 397 402 409 425 430 437 451 454 458 491 509 510 531 539
303 304 306 308 311 313 314 316 317 318 319 323 325 326 328 330 331 332 336 344 346 352 353 356 357 361 362 363 368 373 376 377 382 400 448 468 486 488
304 306 310 311 315 334 348 353 358 393 404 422 436 458
306 388 404 421 448
335 352 363 366 372 374 395 413 478 485
302 304 305 308 311 317 338 339 369
310 320 322 323 328 330 353 361 367 397 448 477 494 513
308 312 313 314 317 319 324 333 345 357 397 408 509
303 304 306 307 308 309 310 311 316 338 346 367 380 382 384 394 402 403 416 421
303 304 307 309 312 316 318 322 326 332 333 334 339 342 346 347 358 361 373 382 386 395 417 425 436 485 492 503 541
321 336 347 348 350 353 356 362 363 366 378 381 418 423 431 558
305 308 312 314 315 319 323 332 337 350 353 367 372 377 411
