103 106 107 110 112 129 153 154 159 172
132 186 187
117 132 146
161 165 173 187

125 166 178 187
108 113 116 155 186 187
188
169
125 156

151 154

170 175 178
153 161 195

138 143 157 158

185
119 195 197
141 166 196


114 164


140 193 199
135
102 103 111 141 196
102 103 106 122 138 154 160 194
193
122
128 161
106 108
185 187
149 190


174
155


109 175 187 197
126 130 169
103 178
136 153
112 139 175
152
199
173
105
106 144 163 171
104 130
140 177
137
114 164 168 189 198
169 171 178
196
179
127 170
113 115 139 159 172 195
106 110 112 118 119 168 174 193

123 130 158 179
110
119 141 146 159

146 172 190
176
115 118 149 151 156 163 194 199
131 165 181 190 193
108 129
132 142 179
124 156 160 178 197 198

123 129 141 189 197
104 109 112 157 168 198
165 166

119 126
182
105 112 155

130 162 196
118 135 160 196
139 143
145 176
118 192
172
115 117 120 121 125 132 137 179 189 194 196
128
190
172
107 108 156 171
110 147 175 196
106 193
147 177 179
174 196
103 128 129 133
102 108 114 181
